000037 4 
000039 4 
000040 4 
000041 4 
000044 4 
000054 7 
000060 7 
000070 7 
000085 7 
000088 4 
000095 7 
000098 7 
000106 4 
000107 7 
000109 4 
000110 7 
000111 7 
000113 7 
000114 7 
000134 4 
000148 4 
000154 7 
000162 7 
000192 7 
000195 7 
000198 7 
000212 7 
000213 7 
000236 7 
000245 7 
000246 7 
000247 7 
000252 7 
000259 4 
000263 4 
000287 7 
000293 7 
000303 7 
000311 7 
000319 7 
000327 7 
000328 7 
000329 7 
000331 7 
000343 7 
000352 7 
000355 7 
000368 4 
000389 4 
000400 7 
000402 7 
000408 4 
000414 4 
000449 4 
000466 7 
000474 7 
000476 7 
000480 7 
000528 4 
000574 4 
000594 7 
000676 7 
000799 7 
000849 7 
000959 7 
000960 4 
000961 4 
000965 7 
000983 4 
000986 4 
000999 7 
001008 7 
001050 4 
001070 7 
001087 7 
001116 7 
001137 7 
001139 7 
001142 7 
001143 7 
001144 7 
001146 7 
001147 7 
001148 7 
001151 7 
001153 7 
001159 7 
001161 7 
001163 7 
001165 7 
001166 7 
001169 7 
001171 7 
001172 7 
001173 7 
001174 7 
001175 7 
001177 7 
001178 7 
001179 7 
001180 7 
001185 7 
001186 7 
001189 7 
001190 7 
001194 7 
001196 7 
001201 7 
001204 7 
001206 7 
001209 7 
001210 7 
001211 7 
001212 7 
001218 7 
001219 7 
001222 7 
001223 7 
001227 7 
001228 7 
001231 7 
001233 7 
001246 7 
001249 7 
001252 7 
001253 7 
001254 7 
001257 7 
001260 7 
001263 7 
001270 7 
001275 7 
001276 7 
001281 7 
001283 7 
001284 7 
001285 7 
001296 7 
001299 7 
001304 7 
001306 7 
001326 7 
001330 7 
001332 7 
001345 7 
001354 7 
001375 7 
001394 7 
001427 7 
001431 7 
001449 7 
001468 7 
001471 7 
001472 7 
001483 7 
001485 7 
001488 7 
001493 7 
001498 7 
001511 7 
001544 7 
001571 7 
001589 7 
001592 7 
001611 7 
001654 7 
001667 7 
001689 7 
001749 7 
001782 7 
001840 7 
001855 7 
001875 7 
001963 7 
001986 7 
001997 7 
002006 7 
002067 4 
002084 7 
002110 7 
002186 4 
002189 4 
002202 7 
002218 4 
002237 4 
002238 4 
002268 4 
002277 4 
002284 4 
002287 4 
002288 4 
002297 4 
002302 4 
002303 4 
002319 4 
002325 4 
002327 4 
002333 4 
002338 7 
002339 4 
002342 4 
002360 4 
002383 4 
002390 4 
002399 4 
002410 4 
002419 4 
002433 4 
002455 7 
002458 4 
002463 4 
002470 7 
002494 4 
002502 7 
002504 4 
002634 7 
002654 4 
002670 4 
002681 4 
002693 7 
002730 4 
002741 4 
002769 4 
002797 4 
002805 4 
002823 4 
002834 4 
002851 4 
002853 4 
002873 4 
002878 4 
002881 4 
002889 4 
002896 4 
002921 4 
002945 4 
002965 4 
002967 4 
002969 4 
002984 4 
002991 4 
003028 4 
003030 4 
003044 7 
003045 4 
003068 4 
003100 4 
003111 4 
003125 4 
003138 7 
003155 4 
003169 4 
003197 4 
003206 7 
003207 4 
003219 4 
003223 7 
003229 4 
003231 7 
003259 4 
003267 4 
003305 4 
003306 7 
003336 4 
003346 7 
003368 4 
003398 4 
003399 4 
003412 4 
003423 4 
003428 4 
003442 4 
003468 4 
003471 4 
003496 7 
003501 4 
003507 4 
003580 4 
003606 4 
003626 7 
003627 7 
003633 4 
003644 7 
003645 7 
003680 7 
003696 7 
003740 7 
003752 7 
003756 7 
003781 4 
003789 7 
003795 7 
003807 7 
003841 7 
003842 4 
003843 7 
003850 7 
003853 7 
003858 7 
003867 7 
003869 7 
003872 7 
003877 7 
003878 7 
003883 7 
003925 4 
003929 7 
003939 7 
003941 7 
003957 7 
003964 7 
003971 7 
003979 4 
003987 7 
004013 7 
004014 7 
004015 7 
004017 7 
004019 7 
004026 7 
004029 7 
004033 7 
004035 4 
004036 7 
004039 7 
004042 7 
004044 7 
004045 7 
004047 7 
004049 7 
004053 7 
004054 7 
004055 7 
004061 7 
004062 7 
004063 7 
004065 4 
004068 7 
004070 4 
004072 7 
004075 7 
004095 7 
004098 7 
004104 7 
004111 7 
004123 7 
004124 7 
004125 7 
004126 7 
004131 7 
004137 7 
004138 7 
004146 7 
004147 7 
004174 4 
004195 7 
004215 7 
004232 7 
004234 7 
004242 4 
004249 7 
004252 7 
004277 7 
004316 7 
004318 4 
004319 7 
004329 4 
004343 7 
004352 7 
004355 7 
004358 7 
004390 4 
004401 4 
004419 4 
004424 7 
004443 4 
004521 4 
004546 7 
004547 7 
004551 7 
004570 7 
004581 7 
004607 7 
004635 7 
004669 7 
004671 4 
004672 7 
004702 4 
004730 7 
004755 4 
004779 4 
004782 4 
004787 4 
004807 7 
004808 7 
004905 7 
004931 7 
005051 7 
005083 7 
005148 4 
005167 4 
005171 4 
005172 4 
005177 4 
005179 4 
005180 4 
005182 4 
005183 7 
005184 4 
005186 4 
005187 4 
005196 4 
005201 4 
005204 4 
005206 4 
005208 4 
005211 4 
005237 4 
005254 4 
005256 4 
005259 4 
005272 7 
005281 4 
005283 4 
005284 4 
005292 4 
005297 4 
005300 4 
005393 4 
005402 4 
005412 4 
005413 4 
005462 4 
005478 4 
005617 7 
005759 4 
005760 4 
005762 4 
005766 4 
005772 4 
005782 7 
005789 4 
005792 4 
005793 4 
005796 4 
005797 7 
005808 4 
005813 4 
005817 4 
005828 4 
005829 4 
005832 4 
005836 4 
005841 4 
005853 4 
005868 4 
005875 4 
005882 4 
005943 4 
005951 4 
005956 4 
005965 4 
005981 4 
005986 4 
005992 4 
005994 4 
005996 4 
006004 4 
006009 4 
006013 4 
006035 4 
006058 4 
006061 4 
006073 7 
006088 4 
006090 4 
006126 4 
006133 4 
006172 4 
006179 4 
006182 4 
006188 4 
006197 4 
006213 4 
006214 4 
006228 4 
006245 4 
006268 4 
006307 4 
006337 4 
006338 4 
006383 4 
006399 4 
006405 4 
006421 7 
006431 4 
006511 4 
006512 4 
006548 7 
006586 7 
006625 7 
006752 7 
006763 7 
006843 7 
006857 7 
006897 7 
006911 7 
006942 7 
006943 7 
006944 7 
006945 7 
006950 7 
006951 7 
007170 7 
007394 7 
007559 7 
007581 4 
007827 7 
007898 7 
008064 7 
008089 808 
008273 7 
008386 808 
008416 808 
008476 808 
008490 808 
008506 4 
008530 808 
008613 808 
008801 7 
008985 808 
009092 7 
009109 7 
009166 903 
009173 903 
009389 7 
009441 7 
009451 808 
009484 808 
009555 7 
009567 7 
009572 7 
009802 808 
010013 808 
010034 903 
010167 7 
010216 808 
010239 7 
010266 4 
010348 7 
010380 7 
010407 808 
010559 808 
010562 4 
010700 7 
010709 4 
010726 808 
010737 808 
010787 4 
010806 808 
010859 4 
010899 808 
010913 808 
010915 903 
010926 808 
010932 808 
010992 808 
011017 808 
011098 808 
011103 808 
011120 903 
011161 4 
011241 903 
011281 7 
011287 7 
011338 903 
011339 7 
011347 808 
011353 808 
011365 808 
011401 808 
011409 808 
011416 903 
011420 808 
011522 4 
011583 7 
011611 808 
011619 808 
011674 808 
012014 7 
012091 808 
012166 4 
012184 808 
012231 903 
012240 7 
012287 808 
012357 808 
012438 808 
012503 7 
012515 7 
012792 7 
012810 1134 
012823 1134 
012826 1134 
012828 1134 
012830 1134 
012831 1134 
012835 1134 
012836 1134 
012838 1134 
012839 1134 
012841 1134 
012842 1134 
012843 1134 
012844 1134 
012846 1134 
012847 1134 
012850 1134 
012851 1134 
012852 1134 
012853 1134 
012854 1134 
012855 1134 
012856 1134 
012857 1134 
012858 1134 
012859 1134 
012860 1134 
012861 1134 
012863 1134 
012864 1134 
012865 1134 
012867 1134 
012869 1134 
012870 1134 
012875 1134 
012876 1134 
012878 1134 
012879 1134 
012880 1134 
012881 1134 
012882 1134 
012883 1134 
012884 1134 
012887 1134 
012888 1134 
012889 1134 
012890 1134 
012892 1134 
012893 1134 
012894 1134 
012895 1134 
012896 1134 
012899 1134 
012900 1134 
012902 1134 
012903 1134 
012904 1134 
012906 1134 
012908 1134 
012909 1134 
012910 1134 
012912 1134 
012915 1134 
012916 1134 
012917 1134 
012918 1134 
012919 1134 
012920 1134 
012921 1134 
012922 1134 
012926 1134 
012927 1134 
012928 1134 
012929 1134 
012932 1134 
012933 1134 
012934 1134 
012937 1134 
012939 1134 
012940 1134 
012944 1134 
012945 1134 
012946 1134 
012948 1134 
012949 1134 
012950 1134 
012952 1134 
012953 1134 
012954 1134 
012956 1134 
012959 1134 
012962 1134 
012963 1134 
012964 1134 
012965 1134 
012966 1134 
012969 1134 
012970 1134 
012971 1134 
012972 1134 
012973 1134 
012975 1134 
012976 1134 
012978 1134 
012979 1134 
012980 1134 
012981 1134 
012982 1134 
012983 1134 
012984 1134 
012987 1134 
012988 1134 
012989 1134 
012990 1134 
012991 1134 
012992 1134 
012993 1134 
012994 1134 
012995 1134 
012997 1134 
012998 1134 
012999 1134 
013000 1134 
013001 1134 
013002 1134 
013003 1134 
013007 1134 
013008 1134 
013010 1134 
013011 1134 
013012 1134 
013013 1134 
013015 1134 
013016 1134 
013018 1134 
013019 1134 
013020 1134 
013021 1134 
013022 1134 
013023 1134 
013024 1134 
013028 1134 
013030 1134 
013033 1134 
013035 1134 
013036 1134 
013037 1134 
013038 1134 
013039 1134 
013040 1134 
013041 1134 
013042 1134 
013043 1134 
013046 1134 
013047 1134 
013048 1134 
013049 1134 
013050 1134 
013051 1134 
013052 1134 
013054 1134 
013055 1134 
013056 1134 
013057 1134 
013060 1134 
013062 1134 
013064 1134 
013066 1134 
013068 1134 
013069 1134 
013070 1134 
013071 1134 
013073 1134 
013075 1134 
013077 1134 
013078 1134 
013079 1134 
013081 1134 
013083 1134 
013084 1134 
013085 1134 
013086 1134 
013087 1134 
013088 1134 
013091 1134 
013093 1134 
013095 1134 
013096 1134 
013099 1134 
013100 1134 
013101 1134 
013103 1134 
013105 1134 
013106 1134 
013107 1134 
013109 1134 
013111 1134 
013113 1134 
013114 1134 
013115 1134 
013116 1134 
013117 1134 
013119 1134 
013120 1134 
013121 1134 
013122 1134 
013123 1134 
013127 1134 
013128 1134 
013132 1134 
013135 1134 
013136 1134 
013137 1134 
013138 1134 
013139 1134 
013140 1134 
013141 1134 
013142 1134 
013143 1134 
013144 1134 
013145 1134 
013146 1134 
013149 1134 
013150 1134 
013151 1134 
013153 1134 
013155 1134 
013156 1134 
013157 1134 
013159 1134 
013160 1134 
013161 1134 
013163 1134 
013164 1134 
013166 1134 
013169 1134 
013170 1134 
013171 1134 
013172 1134 
013173 1134 
013174 1134 
013175 1134 
013176 1134 
013177 1134 
013178 1134 
013181 1134 
013183 1134 
013184 1134 
013185 1134 
013187 1134 
013189 1134 
013190 1134 
013191 1134 
013192 1134 
013195 1134 
013196 1134 
013197 1134 
013200 1134 
013201 1134 
013202 1134 
013203 1134 
013204 1134 
013205 1134 
013207 1134 
013208 1134 
013213 1134 
013214 1134 
013215 1134 
013216 1134 
013217 1134 
013219 1134 
013220 1134 
013222 1134 
013224 1134 
013225 1134 
013228 1134 
013229 1134 
013231 1134 
013232 1134 
013233 1134 
013234 1134 
013235 1134 
013236 1134 
013237 1134 
013239 1134 
013243 1134 
013244 1134 
013245 1134 
013246 1134 
013247 1134 
013248 1134 
013249 1134 
013250 1134 
013252 1134 
013254 1134 
013255 1134 
013256 1134 
013257 1134 
013258 1134 
013259 1134 
013260 1134 
013261 903 
013262 1134 
013264 1134 
013265 1134 
013266 1134 
013267 1134 
013268 1134 
013269 1134 
013270 1134 
013272 1134 
013274 1134 
013275 1134 
013276 1134 
013277 1134 
013278 1134 
013280 1134 
013282 1134 
013284 1134 
013287 1134 
013288 1134 
013289 1134 
013291 1134 
013292 1134 
013293 1134 
013294 1134 
013295 1134 
013296 1134 
013297 1134 
013300 1134 
013301 1134 
013302 1134 
013303 1134 
013304 1134 
013305 1134 
013306 1134 
013307 1134 
013308 1134 
013309 1134 
013314 1134 
013315 7 
013316 1134 
013318 1134 
013320 1134 
013322 1134 
013323 1134 
013326 1134 
013328 1134 
013330 1134 
013331 1134 
013334 1134 
013335 1134 
013337 1134 
013338 1134 
013339 1134 
013341 1134 
013345 1134 
013348 1134 
013351 1134 
013352 1134 
013353 1134 
013354 1134 
013355 1134 
013358 1134 
013360 1134 
013361 1134 
013362 1134 
013363 1134 
013364 1134 
013365 1134 
013366 1134 
013369 1134 
013372 1134 
013373 1134 
013374 1134 
013375 1134 
013377 1134 
013378 1134 
013386 1134 
013387 1134 
013388 1134 
013389 1134 
013391 1134 
013392 1134 
013393 1134 
013395 1134 
013396 1134 
013397 1134 
013401 1134 
013403 1134 
013406 1134 
013407 1134 
013409 1134 
013411 1134 
013412 1134 
013413 1134 
013414 1134 
013415 1134 
013422 1134 
013423 1134 
013424 1134 
013425 1134 
013426 1134 
013427 1134 
013431 1134 
013432 1134 
013434 1134 
013438 1134 
013439 1134 
013440 1134 
013443 1134 
013444 1134 
013447 1134 
013448 1134 
013449 1134 
013452 1134 
013456 1134 
013462 1134 
013464 1134 
013466 1134 
013467 1134 
013468 1134 
013469 1134 
013470 1134 
013472 1134 
013474 1134 
013476 1134 
013478 1134 
013479 1134 
013481 1134 
013484 1134 
013487 1134 
013494 1134 
013495 1134 
013496 1134 
013497 1134 
013498 1134 
013499 1134 
013502 1134 
013504 1134 
013507 1134 
013508 1134 
013511 1134 
013512 1134 
013520 1134 
013522 1134 
013523 1134 
013524 1134 
013525 1134 
013528 1134 
013531 1134 
013532 1134 
013534 1134 
013535 1134 
013538 1134 
013539 1134 
013540 1134 
013541 1134 
013542 1134 
013548 1134 
013549 1134 
013552 1134 
013553 1134 
013555 1134 
013556 1134 
013558 1134 
013559 1134 
013561 1134 
013565 1134 
013568 1134 
013569 1134 
013577 1134 
013578 1134 
013580 1134 
013583 7 
013584 1134 
013589 1134 
013590 1134 
013591 1134 
013592 1134 
013599 4 
013601 1134 
013602 1134 
013603 1134 
013605 1134 
013607 1134 
013609 1134 
013610 1134 
013612 1134 
013616 1134 
013619 1134 
013620 1134 
013623 1134 
013631 1134 
013634 1134 
013636 1134 
013637 1134 
013640 1134 
013647 1134 
013664 1134 
013665 1134 
013666 1134 
013667 1134 
013669 1134 
013670 1134 
013672 1134 
013674 1134 
013676 1134 
013677 1134 
013680 1134 
013681 1134 
013683 1134 
013684 1134 
013687 1134 
013689 1134 
013690 1134 
013691 1134 
013694 1134 
013699 1134 
013715 1134 
013717 1134 
013718 1134 
013721 1134 
013724 1134 
013726 1134 
013730 1134 
013737 1134 
013742 1134 
013743 1134 
013744 1134 
013745 1134 
013746 1134 
013747 1134 
013748 1134 
013749 1134 
013750 1134 
013755 1134 
013756 1134 
013758 4 
013760 1134 
013761 7 
013762 1134 
013764 1134 
013775 1134 
013781 1134 
013782 7 
013783 1134 
013785 1134 
013788 1134 
013789 1134 
013791 1134 
013792 1134 
013794 1134 
013795 808 
013803 1134 
013810 808 
013815 4 
013819 1134 
013822 808 
013830 1134 
013831 4 
013833 1134 
013840 1134 
013845 1134 
013851 808 
013868 808 
013870 808 
013872 4 
013873 4 
013878 1134 
013902 1134 
013926 1134 
013927 1134 
013930 808 
013932 1134 
013945 808 
013951 1134 
013954 1134 
013955 1134 
013956 1134 
013957 1134 
013958 1134 
013966 1134 
013970 1134 
013976 1134 
013977 1134 
013980 1134 
013982 1134 
013983 1134 
013988 1134 
013992 1134 
013993 4 
014002 7 
014034 808 
014042 1134 
014047 1134 
014049 1134 
014053 1134 
014059 1134 
014061 1134 
014062 1134 
014081 1134 
014083 1134 
014094 1134 
014108 7 
014112 1134 
014114 1134 
014126 1134 
014141 1134 
014147 4 
014169 1134 
014205 1134 
014224 1134 
014233 1134 
014237 1134 
014248 1134 
014253 808 
014289 1134 
014290 4 
014301 1134 
014319 808 
014329 7 
014347 7 
014350 7 
014405 1134 
014417 1134 
014558 7 
014580 4 
014590 7 
014601 1134 
014626 1134 
014627 1134 
014632 7 
014633 1134 
014667 4 
014685 4 
014692 903 
014712 4 
014723 4 
014739 1134 
014753 7 
014766 7 
014774 1134 
014805 903 
014830 7 
014880 903 
014883 1134 
014898 1134 
014903 7 
014933 1134 
014944 1134 
014953 7 
014960 1134 
014969 1134 
014973 7 
015010 7 
015011 808 
015017 1134 
015021 808 
015041 7 
015083 7 
015111 1134 
015121 4 
015126 7 
015130 7 
015145 1134 
015161 1134 
015168 808 
015174 1134 
015176 4 
015181 808 
015182 1134 
015185 1134 
015186 903 
015190 1134 
015193 1134 
015201 7 
015217 1134 
015231 808 
015235 1134 
015245 1134 
015249 4 
015255 808 
015273 7 
015279 7 
015286 7 
015296 808 
015297 7 
015298 7 
015300 7 
015303 7 
015305 7 
015306 7 
015311 7 
015316 7 
015319 7 
015320 7 
015322 7 
015323 7 
015336 7 
015337 7 
015344 7 
015346 808 
015348 1134 
015351 7 
015353 7 
015355 7 
015356 7 
015359 7 
015362 7 
015363 7 
015365 7 
015366 7 
015367 7 
015368 7 
015370 7 
015371 7 
015372 7 
015373 7 
015375 7 
015376 7 
015377 7 
015380 7 
015382 7 
015383 7 
015384 7 
015385 7 
015388 7 
015389 7 
015391 7 
015393 7 
015394 7 
015395 7 
015397 7 
015399 7 
015400 7 
015401 7 
015402 7 
015403 7 
015404 7 
015405 7 
015406 7 
015407 7 
015408 7 
015409 7 
015410 7 
015411 7 
015413 7 
015414 7 
015415 7 
015416 7 
015417 7 
015418 7 
015419 7 
015420 7 
015421 7 
015422 7 
015423 7 
015424 7 
015425 7 
015426 7 
015427 7 
015428 7 
015429 7 
015431 7 
015432 7 
015433 7 
015434 7 
015435 7 
015436 7 
015437 7 
015438 7 
015439 7 
015440 7 
015441 7 
015442 7 
015443 7 
015444 7 
015445 7 
015446 7 
015447 7 
015448 7 
015449 7 
015450 7 
015451 7 
015452 7 
015453 7 
015454 7 
015455 7 
015457 7 
015458 7 
015459 7 
015460 7 
015461 7 
015462 7 
015463 7 
015464 7 
015465 7 
015466 7 
015467 7 
015468 7 
015469 7 
015471 7 
015472 7 
015473 7 
015474 7 
015475 7 
015476 7 
015477 7 
015478 7 
015479 7 
015480 7 
015481 7 
015482 7 
015483 7 
015484 7 
015485 7 
015486 7 
015487 7 
015488 7 
015489 7 
015490 7 
015491 7 
015492 7 
015493 7 
015494 7 
015495 7 
015496 7 
015497 7 
015498 7 
015499 7 
015500 7 
015501 7 
015503 7 
015504 7 
015505 7 
015506 7 
015507 7 
015508 7 
015509 7 
015510 7 
015511 7 
015512 7 
015513 7 
015514 7 
015515 7 
015517 7 
015518 7 
015519 7 
015520 7 
015521 7 
015522 7 
015523 7 
015524 7 
015525 7 
015526 7 
015527 7 
015528 7 
015529 7 
015531 7 
015532 7 
015533 7 
015534 7 
015535 7 
015536 7 
015537 7 
015538 7 
015539 7 
015540 7 
015542 7 
015543 7 
015544 7 
015545 7 
015546 7 
015547 7 
015548 7 
015549 7 
015550 7 
015551 7 
015552 7 
015553 7 
015554 7 
015555 7 
015556 7 
015557 7 
015558 7 
015559 7 
015560 7 
015561 7 
015563 7 
015564 7 
015566 7 
015567 7 
015569 7 
015570 7 
015571 7 
015574 7 
015575 7 
015576 7 
015578 7 
015581 7 
015582 7 
015583 7 
015584 7 
015585 7 
015586 7 
015587 7 
015588 7 
015589 7 
015590 7 
015591 7 
015592 7 
015593 7 
015594 7 
015595 7 
015596 7 
015599 7 
015600 7 
015602 7 
015604 7 
015605 7 
015606 7 
015607 7 
015608 7 
015609 7 
015610 7 
015612 7 
015613 7 
015614 7 
015615 7 
015617 7 
015618 7 
015619 7 
015621 7 
015622 7 
015623 7 
015624 7 
015626 7 
015627 7 
015628 7 
015632 7 
015635 7 
015636 7 
015637 7 
015638 7 
015639 7 
015640 7 
015642 7 
015644 7 
015646 7 
015649 7 
015651 7 
015652 7 
015655 7 
015656 7 
015657 7 
015658 7 
015660 7 
015661 7 
015662 7 
015663 7 
015667 7 
015668 7 
015669 7 
015674 7 
015675 7 
015677 7 
015678 4 
015680 7 
015681 1134 
015682 7 
015683 7 
015685 7 
015686 7 
015687 7 
015688 7 
015689 7 
015693 7 
015694 7 
015695 7 
015699 7 
015700 7 
015703 7 
015710 7 
015716 7 
015731 7 
015734 7 
015736 7 
015738 7 
015740 7 
015741 7 
015743 7 
015744 7 
015747 7 
015748 7 
015749 7 
015760 7 
015763 7 
015775 7 
015787 7 
015788 7 
015792 808 
015794 7 
015797 7 
015816 7 
015817 7 
015818 7 
015820 7 
015828 7 
015831 7 
015842 7 
015848 7 
015851 7 
015852 7 
015855 7 
015859 7 
015862 7 
015864 7 
015871 7 
015872 7 
015873 7 
015889 7 
015895 7 
015905 1134 
015909 7 
015914 7 
015917 7 
015919 7 
015923 1134 
015927 7 
015941 1134 
015942 7 
015951 1134 
015954 1134 
015955 7 
015956 7 
015960 1134 
015964 7 
015966 1134 
015974 1134 
015975 1134 
015980 903 
015998 1134 
016000 7 
016020 7 
016021 7 
016022 7 
016023 7 
016026 7 
016036 7 
016063 7 
016096 7 
016121 7 
016127 7 
016132 7 
016135 7 
016149 7 
016150 7 
016151 7 
016156 7 
016166 7 
016182 7 
016192 1134 
016195 7 
016201 7 
016203 1134 
016241 1134 
016248 1134 
016258 7 
016279 7 
016325 4 
016331 808 
016345 808 
016374 1134 
016375 808 
016376 7 
016377 1134 
016379 1134 
016385 808 
016387 1134 
016388 7 
016389 1134 
016392 808 
016411 1134 
016412 7 
016414 808 
016417 1134 
016424 7 
016430 7 
016435 1134 
016445 7 
016452 7 
016459 4 
016460 808 
016461 7 
016471 7 
016508 1134 
016515 1134 
016516 1134 
016517 1134 
016533 7 
016541 808 
016548 7 
016572 808 
016596 808 
016624 808 
016626 808 
016689 7 
016741 808 
016753 7 
016798 808 
016857 808 
016888 808 
016951 1134 
016981 7 
016982 7 
017015 808 
017044 7 
017145 1134 
017173 7 
017204 4 
017234 7 
017279 7 
017290 903 
017309 7 
017329 7 
017363 7 
017380 7 
017388 4 
017395 7 
017403 4 
017404 808 
017426 4 
017436 1134 
017453 4 
017581 1134 
017643 903 
017705 7 
017712 7 
017732 4 
017733 4 
017734 4 
017744 4 
017769 4 
017781 4 
017782 4 
017783 4 
017787 4 
017802 4 
017858 7 
017863 808 
017882 7 
017913 4 
018039 4 
018044 808 
018059 4 
018081 4 
018086 1134 
018101 903 
018251 4 
018326 1134 
018474 808 
018499 7 
018526 7 
018585 4 
018595 1134 
018604 7 
018645 4 
018758 808 
018781 808 
018843 7 
018850 4 
018910 808 
018926 4 
018942 4 
018968 4 
018996 4 
019008 4 
019058 7 
019070 7 
019079 1134 
019220 4 
019242 4 
019243 4 
019244 4 
019316 4 
019336 7 
019398 4 
019491 4 
019496 7 
019501 4 
019566 7 
019578 7 
019602 7 
019604 903 
019622 7 
019784 1134 
019785 7 
019962 7 
019981 903 
020102 7 
020127 7 
020148 7 
020198 808 
020223 808 
020230 7 
020237 7 
020246 808 
020344 7 
020376 7 
020382 1134 
020387 903 
020463 903 
020515 808 
020578 7 
020663 7 
020669 1603 
020671 1603 
020673 903 
020682 1603 
020684 1603 
020685 1603 
020693 808 
020701 7 
020723 808 
020727 1603 
020738 808 
020763 4 
020821 1603 
020864 1134 
020876 808 
020903 7 
020923 7 
020929 1603 
020933 1603 
020943 1603 
020946 1603 
020954 1603 
020962 7 
021037 808 
021079 903 
021108 7 
021118 4 
021157 1134 
021319 808 
021323 1603 
021374 808 
021386 1134 
021462 1646 
021471 1646 
021483 1646 
021485 808 
021504 808 
021587 903 
021608 1646 
021622 1134 
021633 4 
021657 903 
021670 7 
021686 1665 
021691 1667 
021708 1667 
021711 1603 
021742 1667 
021745 1667 
021747 1667 
021772 1667 
021777 1667 
021780 1667 
021791 1667 
021802 1667 
021803 1667 
021810 1667 
021816 1667 
021817 1667 
021833 1667 
021849 808 
021850 7 
021852 1134 
021864 1667 
021866 1134 
021872 1687 
021878 1667 
021916 808 
021925 808 
021929 808 
021980 1646 
021999 903 
022039 1646 
022096 808 
022328 1713 
022329 1713 
022331 1713 
022332 1713 
022336 1713 
022341 1713 
022343 1713 
022345 1713 
022349 1713 
022350 1713 
022351 1713 
022352 1713 
022355 1713 
022356 1713 
022361 1713 
022364 1713 
022365 1713 
022366 1713 
022368 1713 
022372 1713 
022373 1713 
022374 1713 
022377 1713 
022378 1713 
022381 1713 
022384 1713 
022390 1713 
022391 1713 
022393 1713 
022396 1713 
022397 1713 
022400 1713 
022402 1713 
022405 1713 
022406 1713 
022411 1713 
022415 1713 
022420 1713 
022421 1713 
022429 1713 
022440 1713 
022450 1713 
022452 1713 
022456 1713 
022464 1713 
022465 1713 
022471 1713 
022473 1713 
022484 1713 
022486 1713 
022490 1713 
022491 1713 
022492 1713 
022494 1713 
022496 1713 
022499 1713 
022504 1713 
022517 1713 
022521 1646 
022522 1713 
022535 1713 
022540 1713 
022555 1713 
022564 1713 
022574 1713 
022581 1713 
022582 1713 
022599 1713 
022602 1713 
022607 903 
022617 1713 
022618 1713 
022622 1713 
022629 1713 
022631 1665 
022655 1713 
022662 1713 
022672 1713 
022673 1713 
022674 1713 
022687 1713 
022691 1713 
022699 1713 
022705 1713 
022708 1713 
022733 1713 
022740 1713 
022745 1713 
022751 1713 
022755 1713 
022756 1713 
022757 1713 
022758 1713 
022760 1713 
022772 1713 
022774 1713 
022775 1713 
022776 1713 
022780 1713 
022781 1713 
022786 1713 
022790 1713 
022794 1713 
022803 1713 
022805 1713 
022809 1713 
022816 1713 
022842 7 
022846 1713 
022848 1687 
022849 1713 
022876 1603 
022893 1713 
022898 1713 
022909 1713 
022915 1713 
022918 1603 
022920 1713 
022930 1713 
022933 1713 
022940 1713 
022947 1713 
022971 1713 
022973 1713 
022976 808 
023013 1713 
023046 7 
023051 1713 
023053 1713 
023075 808 
023107 1713 
023154 1713 
023255 1756 
023298 7 
023328 808 
023332 1764 
023351 4 
023352 1764 
023363 4 
023366 7 
023397 4 
023408 808 
023414 808 
023475 808 
023489 7 
023507 808 
023617 1667 
023725 1667 
023774 1646 
023799 1792 
023805 1713 
023808 1794 
023809 1795 
023810 1795 
023824 1800 
023825 1801 
023827 1713 
023828 1803 
023830 1805 
023832 1794 
023833 1603 
023834 1603 
023835 1803 
023837 1803 
023839 1807 
023840 1603 
023841 1603 
023842 1808 
023844 1808 
023847 1803 
023850 1803 
023851 1795 
023853 1794 
023854 1803 
023856 1603 
023857 1808 
023858 1603 
023859 1603 
023861 1795 
023862 1795 
023863 1603 
023866 1812 
023867 1800 
023868 1813 
023869 1603 
023870 1814 
023872 1603 
023874 1794 
023875 1794 
023876 1815 
023878 1817 
023880 7 
023881 1803 
023884 1795 
023885 1817 
023886 1820 
023888 1814 
023889 1814 
023893 1814 
023894 1814 
023895 1814 
023898 1814 
023899 1825 
023900 1826 
023901 1827 
023902 1814 
023903 1795 
023904 1794 
023905 1814 
023906 1820 
023908 1805 
023909 1826 
023910 1814 
023911 1826 
023913 1829 
023914 1794 
023920 1820 
023922 1794 
023923 1832 
023924 1794 
023925 1833 
023927 1803 
023929 1827 
023930 1834 
023931 7 
023932 1800 
023933 1803 
023934 1817 
023935 1835 
023936 1795 
023937 1836 
023940 1795 
023942 1814 
023944 1839 
023945 1803 
023951 1843 
023952 1794 
023953 1794 
023954 1794 
023955 1794 
023957 1603 
023958 1845 
023960 1826 
023962 1846 
023965 1826 
023967 1794 
023968 1795 
023971 1795 
023972 1794 
023973 1794 
023974 1603 
023975 1794 
023976 1603 
023978 1847 
023979 1848 
023980 1795 
023982 1803 
023983 1827 
023984 1794 
023986 1803 
023987 1794 
023989 1851 
023990 1794 
023991 1834 
023992 1795 
023994 1815 
023996 1795 
023997 1794 
024000 1795 
024001 1794 
024002 1854 
024003 1855 
024004 1856 
024005 1835 
024006 1835 
024007 1713 
024008 1794 
024010 1835 
024012 1848 
024013 1808 
024014 1794 
024015 1795 
024016 1858 
024017 1832 
024018 1603 
024019 1803 
024021 1134 
024023 1826 
024024 1848 
024026 1848 
024028 1848 
024029 1603 
024033 1855 
024035 1863 
024036 1814 
024037 1832 
024039 1835 
024040 1800 
024042 1825 
024043 1835 
024045 1794 
024046 1603 
024047 1794 
024048 1713 
024051 1833 
024052 1855 
024053 1865 
024054 1603 
024057 1803 
024062 1845 
024064 1803 
024068 1794 
024069 1800 
024070 1803 
024071 1817 
024072 1794 
024074 1855 
024075 1863 
024077 808 
024078 1833 
024079 1794 
024080 1835 
024081 1835 
024082 1836 
024083 1848 
024085 1869 
024086 1794 
024087 1847 
024088 1603 
024090 1856 
024091 1795 
024092 1795 
024093 1687 
024094 1687 
024095 1814 
024097 1835 
024099 1687 
024100 1813 
024101 1803 
024103 1815 
024105 1833 
024106 1871 
024108 1833 
024110 1794 
024112 1832 
024113 1875 
024115 1875 
024116 1835 
024117 1794 
024120 1603 
024121 1833 
024122 1833 
024123 1835 
024124 1794 
024125 1835 
024126 1794 
024128 1826 
024129 1794 
024130 1878 
024131 1879 
024132 1803 
024133 1835 
024134 1603 
024135 1803 
024136 1835 
024137 1835 
024139 1835 
024140 1603 
024141 1835 
024142 1833 
024144 1803 
024147 1835 
024148 1835 
024149 1835 
024150 1880 
024151 1803 
024152 1835 
024154 1835 
024155 1835 
024157 1835 
024158 1813 
024159 1835 
024160 1687 
024161 1881 
024164 1827 
024165 1835 
024167 1835 
024171 1835 
024172 1835 
024173 1835 
024175 1835 
024179 1834 
024180 1882 
024182 1832 
024183 1835 
024184 1835 
024185 1835 
024187 1795 
024189 1803 
024190 1875 
024191 1833 
024192 1835 
024193 1833 
024194 1833 
024195 1835 
024196 1848 
024199 1835 
024202 1687 
024204 1835 
024205 1756 
024206 1835 
024207 1835 
024208 1835 
024209 1814 
024210 1817 
024211 1883 
024212 1815 
024213 1820 
024217 1835 
024218 1883 
024220 1884 
024221 1835 
024222 1855 
024225 1848 
024226 1835 
024227 1825 
024228 1865 
024229 1865 
024230 1865 
024231 1865 
024232 1865 
024234 1865 
024235 1865 
024240 1865 
024241 1814 
024243 1881 
024244 1848 
024245 1814 
024246 1865 
024247 1848 
024248 1812 
024249 1875 
024250 1835 
024252 1826 
024253 1807 
024254 1884 
024255 1827 
024256 1826 
024257 1889 
024258 1871 
024259 1865 
024260 1803 
024261 1835 
024262 1890 
024265 1833 
024266 1865 
024267 1835 
024268 1826 
024270 1835 
024271 1871 
024272 1871 
024273 1871 
024274 1871 
024275 1835 
024277 1835 
024278 1833 
024279 1833 
024281 1871 
024282 1871 
024283 1871 
024284 1835 
024286 1835 
024287 1833 
024288 1835 
024289 1835 
024293 1833 
024294 1833 
024295 1875 
024300 1687 
024301 1803 
024303 1865 
024304 1835 
024305 1871 
024306 4 
024309 1812 
024310 1835 
024311 1845 
024312 1848 
024314 1833 
024315 1855 
024320 1835 
024321 1871 
024322 1848 
024323 1815 
024324 1880 
024325 1603 
024326 1875 
024327 1687 
024328 1835 
024329 1687 
024330 1794 
024332 1835 
024333 1848 
024335 1848 
024337 1848 
024338 1848 
024339 1667 
024341 1813 
024342 1835 
024345 1858 
024348 1848 
024351 1835 
024352 1890 
024353 1835 
024354 1603 
024355 1848 
024356 1800 
024358 1835 
024359 1835 
024360 1835 
024361 1835 
024362 1820 
024363 1603 
024364 1890 
024367 1814 
024368 1603 
024369 1835 
024370 1835 
024371 1884 
024372 1871 
024373 1814 
024376 1884 
024377 1827 
024378 1835 
024381 1835 
024382 1895 
024383 1833 
024384 1815 
024385 1813 
024386 1890 
024387 1817 
024388 1884 
024389 1826 
024391 1890 
024392 1665 
024393 1800 
024394 1803 
024395 1897 
024396 1817 
024398 1899 
024400 1848 
024401 1820 
024402 1603 
024403 1687 
024404 1813 
024406 1871 
024407 1825 
024409 1881 
024410 1865 
024411 1897 
024412 1895 
024414 1865 
024415 1851 
024418 1848 
024419 1835 
024421 1863 
024422 1869 
024423 1897 
024425 1800 
024426 1687 
024427 1902 
024429 1835 
024430 1825 
024431 1903 
024432 1881 
024433 1832 
024434 1603 
024435 1884 
024436 1825 
024439 1904 
024441 1905 
024442 1800 
024444 1603 
024445 1906 
024446 1863 
024447 1820 
024448 1875 
024449 1826 
024450 1835 
024451 1875 
024452 1835 
024453 1800 
024454 1871 
024455 1835 
024456 1833 
024457 1800 
024458 1875 
024459 1897 
024460 1687 
024461 1835 
024462 1865 
024464 1826 
024465 1826 
024466 1826 
024467 1826 
024468 1800 
024469 1826 
024470 1826 
024471 1826 
024472 1800 
024473 1904 
024474 1833 
024475 1800 
024476 1907 
024477 1875 
024478 1865 
024479 1835 
024481 1800 
024482 1803 
024483 1835 
024484 4 
024485 4 
024487 1899 
024488 1800 
024489 1909 
024490 1865 
024491 1910 
024492 1814 
024493 1814 
024495 1826 
024499 1848 
024501 1826 
024502 1909 
024504 1835 
024505 1848 
024506 1826 
024508 7 
024512 1817 
024514 1815 
024515 1603 
024516 1912 
024517 1803 
024519 1895 
024521 1800 
024522 1912 
024523 1800 
024524 1875 
024525 1839 
024526 1815 
024527 1882 
024528 1814 
024529 1839 
024531 1833 
024532 1848 
024534 1875 
024535 1875 
024536 1875 
024537 1907 
024538 1912 
024540 1834 
024541 1884 
024542 1603 
024543 1875 
024544 1915 
024545 1882 
024546 1603 
024548 1803 
024549 1910 
024550 1801 
024551 1820 
024552 1897 
024554 1803 
024556 1909 
024558 1863 
024559 1794 
024561 1833 
024562 1805 
024563 1918 
024564 1836 
024565 1919 
024566 1713 
024567 4 
024568 4 
024570 1603 
024572 1835 
024573 1646 
024574 1803 
024575 1815 
024576 1815 
024577 1863 
024578 1813 
024579 1905 
024580 1713 
024581 1815 
024582 1794 
024584 1603 
024587 1813 
024589 1833 
024590 1875 
024591 1875 
024592 1839 
024593 1826 
024595 1812 
024596 1820 
024598 1875 
024600 1603 
024601 1890 
024603 1812 
024605 1814 
024606 1803 
024608 1863 
024610 1906 
024611 1814 
024614 808 
024615 1815 
024616 1800 
024618 1871 
024619 1803 
024620 1807 
024623 1897 
024624 1794 
024625 1665 
024626 1835 
024627 1875 
024630 1925 
024632 1834 
024633 1910 
024635 1910 
024636 1825 
024637 1875 
024638 1835 
024639 1833 
024641 1910 
024642 1803 
024644 1895 
024645 1814 
024646 1814 
024647 1814 
024648 1814 
024649 1814 
024650 1833 
024651 1814 
024653 1875 
024654 1875 
024655 1814 
024657 1800 
024658 1814 
024660 1845 
024661 1848 
024662 1814 
024663 1814 
024664 1603 
024665 1833 
024666 1814 
024667 1800 
024668 1910 
024670 1803 
024672 903 
024674 1603 
024675 1814 
024676 1814 
024677 1814 
024678 1820 
024679 1833 
024680 1875 
024681 1858 
024682 1814 
024683 1814 
024685 1814 
024686 1603 
024689 1813 
024690 1895 
024691 1814 
024692 1803 
024693 1910 
024696 1875 
024697 1906 
024699 1848 
024700 1820 
024702 1814 
024703 1603 
024704 1910 
024705 1904 
024706 1875 
024707 1875 
024708 1800 
024710 1833 
024711 1603 
024712 7 
024713 1902 
024714 1833 
024717 1835 
024719 1890 
024720 1603 
024721 1603 
024722 1904 
024723 1835 
024724 1875 
024725 1848 
024726 1875 
024728 1826 
024730 1603 
024733 1795 
024734 1833 
024735 1603 
024736 1848 
024737 1603 
024738 1875 
024739 1848 
024740 1839 
024742 1934 
024743 1803 
024744 1910 
024746 1847 
024747 1895 
024748 1895 
024749 1895 
024751 1895 
024752 1895 
024753 1895 
024754 1890 
024755 1895 
024756 1800 
024758 1895 
024760 1832 
024763 1814 
024765 1814 
024767 1603 
024768 1895 
024771 1895 
024772 1895 
024773 1603 
024774 1875 
024775 7 
024777 1875 
024779 1890 
024780 1820 
024781 1794 
024783 1890 
024785 1603 
024786 1890 
024788 1813 
024789 1603 
024790 1848 
024791 1895 
024792 1863 
024793 1820 
024794 1904 
024795 1820 
024796 1803 
024799 1875 
024800 1854 
024801 1833 
024802 1803 
024803 1875 
024804 1865 
024809 1909 
024810 1909 
024811 1603 
024812 1713 
024813 1603 
024814 7 
024815 1813 
024817 1875 
024818 1687 
024819 1846 
024821 1851 
024822 1909 
024823 1910 
024824 1909 
024826 1603 
024827 1934 
024828 1814 
024830 808 
024831 1794 
024832 1909 
024833 1856 
024835 1813 
024837 1881 
024838 1803 
024845 1820 
024847 1833 
024848 1934 
024849 1943 
024853 1833 
024856 1944 
024858 1603 
024859 1825 
024861 808 
024862 1905 
024863 1813 
024867 1835 
024869 1833 
024870 1833 
024872 1846 
024874 1832 
024875 1879 
024876 1895 
024877 1934 
024878 1813 
024880 1803 
024882 1803 
024884 1907 
024885 1820 
024887 1897 
024889 1603 
024890 1814 
024891 1947 
024892 1814 
024894 1803 
024896 1813 
024898 1603 
024900 1833 
024901 1890 
024902 1897 
024904 1835 
024905 1848 
024906 1897 
024907 1897 
024908 1897 
024909 1897 
024910 1834 
024911 1897 
024912 1897 
024913 1815 
024914 1875 
024915 1803 
024916 1833 
024920 1871 
024921 1871 
024922 1875 
024923 1826 
024924 1832 
024925 1646 
024926 1794 
024930 1895 
024931 1803 
024932 1794 
024933 1803 
024934 1863 
024935 1951 
024936 1875 
024937 1603 
024938 1603 
024939 1820 
024941 1603 
024942 1603 
024943 1603 
024944 1835 
024945 1953 
024947 1603 
024948 1603 
024949 1800 
024950 1603 
024951 1603 
024952 1603 
024953 1848 
024955 1951 
024956 1603 
024957 1603 
024958 1895 
024959 1863 
024960 1826 
024961 1825 
024963 1813 
024964 1905 
024965 1134 
024966 1603 
024967 1897 
024968 1863 
024969 1951 
024971 1843 
024972 1895 
024973 1897 
024974 1813 
024975 1603 
024977 1827 
024978 1646 
024981 1918 
024983 1815 
024984 1956 
024985 1803 
024986 1826 
024988 1863 
024989 1919 
024992 1835 
024993 1803 
024994 1863 
024995 1897 
024996 1951 
024998 1863 
024999 1951 
025000 1884 
025001 1815 
025003 1835 
025004 1863 
025005 1951 
025006 1803 
025008 903 
025009 1863 
025011 1882 
025012 1884 
025013 1603 
025014 1856 
025015 1825 
025016 1947 
025017 1665 
025018 1863 
025020 1813 
025024 1603 
025026 1863 
025027 1871 
025028 1820 
025029 1865 
025030 1820 
025031 1603 
025032 1794 
025033 1961 
025035 1820 
025036 1875 
025037 1603 
025038 1962 
025039 1825 
025040 1603 
025041 1883 
025042 1875 
025043 1603 
025044 1815 
025045 1800 
025046 1925 
025047 1603 
025048 1871 
025049 1919 
025050 1951 
025052 1947 
025055 1665 
025056 1835 
025058 1863 
025059 7 
025060 1820 
025061 1826 
025064 1846 
025065 1907 
025066 1820 
025067 1820 
025070 1851 
025072 1897 
025075 1803 
025077 1803 
025079 1897 
025080 1603 
025082 1825 
025084 1800 
025086 1813 
025087 1814 
025088 1835 
025090 1820 
025091 1943 
025093 1875 
025094 1907 
025096 1833 
025098 1899 
025101 1814 
025104 1603 
025108 1825 
025109 1902 
025111 1825 
025112 1961 
025113 1795 
025116 1902 
025117 1665 
025118 1845 
025119 1813 
025120 1800 
025121 1875 
025122 1794 
025123 1854 
025124 1961 
025125 1820 
025126 1815 
025128 1603 
025130 1883 
025131 1815 
025135 1825 
025136 1961 
025137 1905 
025138 1800 
025139 1825 
025140 1603 
025142 1835 
025143 1825 
025144 1603 
025145 1863 
025148 1825 
025151 1951 
025152 1863 
025153 1925 
025154 1825 
025155 1826 
025157 1795 
025158 1815 
025159 1820 
025161 1813 
025162 1879 
025163 1800 
025165 1667 
025166 1603 
025168 1884 
025172 1814 
025173 1863 
025174 1820 
025177 1815 
025178 1825 
025179 1603 
025180 1981 
025181 1865 
025183 1865 
025184 1865 
025185 1865 
025186 1865 
025189 1807 
025190 7 
025192 1820 
025195 1813 
025198 1603 
025199 7 
025203 1985 
025206 1803 
025207 7 
025208 7 
025209 1813 
025211 1603 
025212 1603 
025215 1826 
025216 7 
025217 1820 
025218 1803 
025219 1826 
025221 1895 
025222 1895 
025223 7 
025227 1895 
025228 1815 
025231 1989 
025232 1990 
025233 1800 
025234 1815 
025240 1603 
025241 1895 
025244 1863 
025245 1764 
025246 1890 
025247 1805 
025248 1858 
025251 1603 
025252 1833 
025254 1813 
025255 1875 
025256 1665 
025257 1134 
025258 1895 
025259 1895 
025261 1794 
025262 1835 
025263 1800 
025264 1879 
025265 1835 
025267 1646 
025268 1815 
025272 1803 
025273 1803 
025274 1906 
025276 1902 
025278 1803 
025279 7 
025282 1603 
025284 1925 
025286 1820 
025288 1713 
025290 1815 
025291 1815 
025293 1925 
025294 1825 
025295 1925 
025296 1906 
025297 1906 
025299 1925 
025300 1865 
025301 1865 
025303 1990 
025304 1906 
025305 1915 
025307 1895 
025309 1925 
025311 1906 
025312 1603 
025313 1805 
025315 1925 
025316 1904 
025317 1603 
025318 7 
025320 1871 
025321 1925 
025323 1996 
025326 1906 
025327 1814 
025328 1814 
025333 1803 
025336 1925 
025337 1890 
025338 1820 
025341 1906 
025343 1998 
025344 1825 
025347 1875 
025348 1803 
025349 1925 
025351 1764 
025352 1603 
025356 1871 
025358 1833 
025360 1848 
025361 1884 
025362 1603 
025363 1825 
025364 1825 
025365 1890 
025367 1881 
025369 2001 
025370 1814 
025371 1803 
025373 1825 
025374 1603 
025375 1871 
025376 1814 
025377 1803 
025378 1825 
025381 1825 
025383 1820 
025384 1820 
025386 1890 
025387 1764 
025388 1794 
025390 1835 
025394 1803 
025395 1934 
025398 1646 
025399 1646 
025400 1875 
025401 1646 
025404 1646 
025405 1951 
025407 1890 
025408 1603 
025409 1646 
025410 1800 
025411 1603 
025413 1794 
025414 1813 
025415 1603 
025416 1687 
025417 1820 
025419 1713 
025420 1646 
025421 1803 
025422 1603 
025424 1843 
025425 1827 
025426 1895 
025428 1803 
025430 1795 
025431 1848 
025432 1603 
025433 1814 
025434 1646 
025435 2006 
025437 1646 
025438 1907 
025439 1603 
025441 7 
025442 1646 
025445 1879 
025448 1646 
025449 1947 
025450 1875 
025451 1646 
025452 1904 
025454 1883 
025457 1803 
025458 1825 
025459 1825 
025460 1825 
025463 1803 
025465 2008 
025467 7 
025468 2009 
025469 1846 
025472 2011 
025473 1603 
025474 1884 
025475 1863 
025477 1883 
025479 1808 
025480 1834 
025482 1848 
025483 1863 
025485 1961 
025486 2013 
025487 1826 
025490 1846 
025494 1934 
025495 1863 
025497 1906 
025498 1890 
025499 1603 
025501 1646 
025504 1825 
025505 2015 
025506 1846 
025508 1825 
025509 1875 
025510 1875 
025511 1883 
025513 1646 
025515 1858 
025518 1909 
025519 1905 
025523 1895 
025524 1815 
025525 1795 
025526 2020 
025529 1961 
025530 1825 
025532 1795 
025535 1845 
025537 1687 
025540 1794 
025541 1687 
025543 1906 
025544 1603 
025545 1794 
025546 1871 
025548 1603 
025549 1909 
025552 1909 
025553 1909 
025554 1996 
025556 1646 
025557 1906 
025558 1915 
025559 1863 
025560 1832 
025561 1820 
025562 1814 
025564 1825 
025565 1803 
025567 1646 
025569 1825 
025570 1879 
025571 2025 
025572 1902 
025574 1800 
025579 1826 
025580 1820 
025582 1943 
025583 1825 
025585 1603 
025586 2028 
025587 1865 
025588 2029 
025589 1803 
025590 1820 
025591 1855 
025593 1713 
025594 1803 
025595 1890 
025596 1815 
025597 1603 
025598 2030 
025599 2030 
025601 2029 
025603 1805 
025604 1906 
025606 1854 
025607 1826 
025611 1875 
025612 1961 
025613 1803 
025614 1713 
025615 1713 
025616 2001 
025617 1875 
025618 2001 
025621 1764 
025623 2013 
025624 1863 
025626 1863 
025627 1904 
025630 1803 
025631 1800 
025632 1803 
025633 1814 
025635 2025 
025636 1863 
025637 1820 
025638 1646 
025639 1813 
025640 1832 
025641 2029 
025642 2036 
025643 2036 
025645 1792 
025646 1883 
025647 2029 
025648 1803 
025651 1883 
025652 1803 
025655 2029 
025657 1603 
025658 1897 
025659 1603 
025660 1843 
025661 1848 
025662 1906 
025663 1906 
025664 1846 
025665 1814 
025667 1820 
025668 1820 
025670 1855 
025671 1603 
025673 1646 
025674 1863 
025675 1944 
025676 1961 
025677 1820 
025678 1825 
025681 1869 
025682 2040 
025684 1800 
025685 1805 
025687 2029 
025690 1854 
025691 1961 
025692 1603 
025693 1834 
025694 1814 
025695 1814 
025696 1834 
025697 1813 
025699 1826 
025700 1825 
025701 1825 
025705 1814 
025706 1814 
025708 1846 
025709 1803 
025710 1909 
025711 1909 
025712 1906 
025713 1815 
025717 1863 
025722 1884 
025725 1687 
025727 1890 
025728 1943 
025729 1839 
025730 1884 
025731 1907 
025732 2011 
025733 1800 
025734 1803 
025736 1795 
025737 1934 
025738 1855 
025739 1847 
025741 1813 
025742 1909 
025743 2029 
025745 2029 
025746 1800 
025747 1934 
025748 2046 
025749 1803 
025751 1795 
025752 1803 
025753 2047 
025754 1899 
025755 1825 
025756 1603 
025758 1905 
025759 1985 
025760 2048 
025761 1855 
025763 2029 
025764 1800 
025765 1918 
025766 1918 
025767 1910 
025768 1961 
025770 1834 
025771 1646 
025774 2049 
025776 1890 
025777 1665 
025778 1875 
025779 2029 
025781 1825 
025782 1794 
025783 1603 
025785 1953 
025786 1795 
025788 1875 
025789 1800 
025791 1895 
025794 1800 
025795 1909 
025797 1835 
025799 1813 
025800 1820 
025801 1910 
025803 1603 
025804 1906 
025807 1947 
025808 1603 
025810 4 
025811 1863 
025813 1961 
025814 1603 
025815 1603 
025817 1858 
025818 1882 
025819 1603 
025820 1713 
025821 1794 
025822 903 
025823 1603 
025825 1803 
025826 1820 
025829 1805 
025830 1603 
025831 1863 
025833 1833 
025834 1603 
025836 1909 
025837 1795 
025838 1603 
025839 1918 
025840 2053 
025841 1817 
025842 1918 
025843 1764 
025844 1794 
025845 1906 
025846 2029 
025847 1814 
025848 1829 
025849 1953 
025850 1953 
025851 1856 
025852 1871 
025853 1815 
025854 1815 
025855 1815 
025856 1814 
025857 1814 
025859 1814 
025860 1815 
025861 1814 
025862 1815 
025864 1814 
025866 1814 
025867 1856 
025868 1646 
025870 1646 
025871 1814 
025873 1646 
025874 1603 
025875 1815 
025876 1947 
025877 1646 
025878 1713 
025880 1646 
025881 1814 
025882 1814 
025884 1814 
025886 1815 
025887 1713 
025888 1961 
025890 1814 
025891 1814 
025892 1814 
025893 1814 
025894 1646 
025895 1814 
025897 1814 
025898 1646 
025899 1897 
025902 1909 
025903 1836 
025904 1646 
025906 1902 
025907 1951 
025908 1803 
025910 1646 
025911 1713 
025912 1800 
025913 1807 
025914 1603 
025916 1646 
025917 1764 
025918 1713 
025919 1839 
025920 1880 
025921 1863 
025923 1961 
025924 1833 
025925 7 
025926 1646 
025927 1962 
025928 2029 
025929 903 
025931 1856 
025934 1646 
025935 1825 
025936 2057 
025937 1902 
025938 1897 
025939 1814 
025941 1847 
025943 1833 
025946 1646 
025952 1603 
025953 1814 
025954 1863 
025955 2057 
025957 1961 
025958 1603 
025960 1814 
025961 1836 
025962 2060 
025963 1814 
025967 1665 
025969 1803 
025970 1603 
025971 1890 
025973 1603 
025974 1895 
025976 1603 
025979 1603 
025980 1890 
025981 1603 
025982 2063 
025985 1848 
025986 1961 
025987 1848 
025990 1603 
025991 7 
025992 1805 
025993 1848 
025994 1880 
025995 1603 
025996 1863 
025997 1603 
025999 1603 
026000 1713 
026001 1854 
026002 1956 
026003 1794 
026004 1803 
026005 1906 
026007 1794 
026009 1902 
026010 2066 
026011 2057 
026013 1756 
026014 1603 
026015 1603 
026017 1603 
026018 1794 
026019 1906 
026020 1603 
026021 1800 
026022 1814 
026024 1827 
026025 2006 
026026 1812 
026027 1646 
026028 1833 
026032 7 
026034 1953 
026035 2006 
026038 1603 
026039 2053 
026040 1858 
026041 1833 
026042 1906 
026043 1807 
026044 1805 
026045 1902 
026047 2063 
026048 2063 
026049 2068 
026050 2008 
026052 1800 
026054 1646 
026055 1996 
026057 1803 
026059 1803 
026060 1603 
026062 1906 
026063 7 
026065 2071 
026066 1805 
026067 1909 
026071 1764 
026072 1795 
026073 1603 
026075 1803 
026076 1882 
026077 1646 
026078 1961 
026079 1603 
026080 2020 
026081 1646 
026084 1603 
026085 1863 
026086 1603 
026087 1646 
026088 1603 
026089 1764 
026090 1603 
026091 1603 
026092 1756 
026093 1800 
026094 1764 
026095 1803 
026096 1603 
026097 2049 
026102 1909 
026103 1820 
026104 1603 
026105 2063 
026106 2057 
026107 2071 
026108 1863 
026110 1603 
026111 1603 
026113 2077 
026115 2053 
026116 1903 
026117 1803 
026118 1603 
026120 1880 
026121 1851 
026122 1814 
026124 1895 
026125 1603 
026126 1815 
026127 808 
026128 1603 
026129 1603 
026130 1134 
026131 2036 
026133 2011 
026137 1833 
026139 1904 
026140 1800 
026141 1603 
026142 7 
026144 1603 
026145 1953 
026148 1646 
026150 1846 
026151 1814 
026152 1646 
026154 2079 
026155 1909 
026156 1603 
026157 1805 
026158 2079 
026159 1905 
026161 1603 
026164 1603 
026166 2057 
026167 2082 
026168 2071 
026169 1882 
026172 2084 
026173 1603 
026174 1909 
026175 1909 
026176 2057 
026177 2057 
026179 1863 
026180 1909 
026182 1826 
026183 1808 
026184 1603 
026186 1906 
026187 1794 
026188 1909 
026189 1990 
026190 1603 
026191 1813 
026193 2049 
026194 1665 
026195 1875 
026196 1603 
026197 1603 
026198 1833 
026199 2049 
026200 1863 
026202 1909 
026203 1880 
026204 1890 
026205 1899 
026206 1820 
026207 1851 
026209 1909 
026210 1815 
026211 1603 
026212 2071 
026213 1909 
026215 1815 
026216 1603 
026217 1808 
026218 1902 
026219 1956 
026220 2057 
026221 1820 
026222 1882 
026223 1909 
026224 1603 
026225 1603 
026226 1909 
026227 1875 
026228 2068 
026230 1883 
026232 1603 
026234 1603 
026235 1603 
026237 2089 
026238 2090 
026240 7 
026242 1794 
026243 7 
026244 1875 
026245 1803 
026246 1875 
026247 1883 
026250 1883 
026251 1603 
026252 1848 
026253 1897 
026254 1825 
026255 1764 
026256 1897 
026258 1603 
026259 1646 
026261 1851 
026262 2091 
026264 1881 
026265 1875 
026268 2011 
026269 1794 
026271 1878 
026272 2092 
026273 2091 
026274 2025 
026275 2071 
026277 1909 
026278 1603 
026279 1814 
026280 1603 
026281 1902 
026282 1814 
026283 1814 
026284 1603 
026286 1880 
026287 1603 
026288 1820 
026290 1902 
026291 1814 
026292 1820 
026293 1803 
026294 1814 
026295 1803 
026296 1603 
026297 1803 
026298 1909 
026300 1890 
026301 1820 
026302 2094 
026303 1953 
026304 1603 
026305 1603 
026307 2095 
026308 1878 
026309 1603 
026310 2096 
026313 1912 
026314 1603 
026316 1603 
026317 7 
026318 1603 
026319 1856 
026320 1603 
026321 1814 
026322 1803 
026323 1902 
026324 1814 
026325 1890 
026326 1998 
026327 1905 
026329 2048 
026330 1863 
026331 1807 
026332 1863 
026333 1603 
026334 1863 
026336 1897 
026337 1814 
026338 1603 
026340 1953 
026341 1814 
026342 1803 
026343 1814 
026344 1813 
026345 1814 
026346 1985 
026347 1603 
026348 1813 
026349 1803 
026350 1603 
026351 1807 
026352 1803 
026353 1803 
026354 1814 
026355 1603 
026356 1814 
026359 1953 
026360 1953 
026361 1856 
026362 1764 
026364 1815 
026365 1906 
026366 1665 
026367 1603 
026368 1603 
026369 1603 
026371 1906 
026373 1814 
026374 1882 
026376 1764 
026378 1603 
026379 2095 
026380 1890 
026381 1863 
026382 1713 
026383 2060 
026384 1843 
026386 1985 
026387 1880 
026388 1813 
026389 1815 
026390 1906 
026391 2068 
026393 1878 
026394 2015 
026395 1902 
026396 7 
026399 1805 
026400 1764 
026401 1603 
026402 1906 
026403 1925 
026404 2001 
026405 1855 
026406 1815 
026407 2089 
026408 1814 
026411 1812 
026412 1646 
026413 1820 
026416 1880 
026417 1646 
026418 1803 
026419 7 
026420 1603 
026421 1906 
026422 2020 
026423 1858 
026424 2095 
026425 1803 
026426 1820 
026427 1603 
026428 1961 
026431 1814 
026432 1907 
026434 1813 
026435 1855 
026436 2103 
026437 1805 
026438 2104 
026439 2020 
026440 2071 
026441 1603 
026443 1603 
026444 1902 
026445 2105 
026446 1794 
026447 1813 
026448 1856 
026449 1603 
026450 1812 
026452 1794 
026453 2105 
026454 1881 
026455 1794 
026457 1998 
026458 1953 
026459 1907 
026460 1603 
026461 1803 
026462 2106 
026463 2107 
026464 1882 
026465 1795 
026467 1764 
026468 1904 
026469 1803 
026471 7 
026473 2094 
026474 1953 
026475 1817 
026476 1953 
026477 1889 
026478 2020 
026479 2071 
026480 1813 
026481 1826 
026484 1603 
026485 1646 
026488 2104 
026490 1646 
026491 1880 
026492 2104 
026494 2104 
026495 1856 
026496 2104 
026497 1646 
026498 2104 
026499 2111 
026501 2104 
026504 1687 
026507 1801 
026508 2104 
026510 1646 
026511 2104 
026512 1902 
026513 2104 
026514 2104 
026516 1820 
026517 1998 
026518 1820 
026519 1815 
026520 1856 
026521 1863 
026522 1826 
026523 2112 
026524 2112 
026525 2112 
026526 2112 
026527 2112 
026528 1687 
026529 1803 
026530 1825 
026531 1826 
026532 1884 
026533 1825 
026534 1803 
026535 1815 
026536 2104 
026537 2104 
026538 903 
026540 1880 
026542 1871 
026543 1880 
026544 1998 
026545 1863 
026546 1875 
026547 1882 
026548 1603 
026549 1646 
026550 2006 
026551 1856 
026552 1996 
026553 1825 
026556 1803 
026558 1820 
026559 2104 
026560 1603 
026564 1815 
026565 2029 
026567 1863 
026568 1856 
026569 1882 
026570 1880 
026571 1904 
026572 1990 
026573 2104 
026574 2104 
026577 2115 
026578 2116 
026579 1820 
026580 2112 
026581 1814 
026582 1962 
026583 1815 
026586 1803 
026587 1803 
026589 1863 
026590 1603 
026591 2104 
026592 1603 
026593 2115 
026594 2006 
026595 1665 
026598 1918 
026601 1871 
026602 1603 
026603 1889 
026604 2049 
026606 1646 
026607 1646 
026608 2104 
026612 1909 
026613 1603 
026614 1902 
026615 2120 
026617 1603 
026618 1646 
026619 1646 
026620 1907 
026621 1646 
026623 2049 
026625 1813 
026626 1803 
026627 1909 
026628 1909 
026629 1814 
026630 1856 
026631 1646 
026633 2112 
026634 1603 
026636 2112 
026637 1603 
026638 1814 
026639 1803 
026640 2123 
026641 1603 
026643 1803 
026644 1603 
026645 1603 
026646 2057 
026648 1813 
026649 1880 
026650 2091 
026652 1603 
026653 1646 
026655 1825 
026656 1813 
026658 1909 
026659 1603 
026661 1813 
026662 1951 
026665 1813 
026666 1603 
026667 1800 
026668 1895 
026670 1603 
026672 2127 
026674 1820 
026675 2020 
026676 2020 
026677 1848 
026678 1603 
026679 2057 
026680 1909 
026682 1603 
026683 1951 
026686 1603 
026688 1934 
026689 7 
026690 1603 
026692 1603 
026695 2020 
026696 1603 
026697 1951 
026698 1934 
026699 1909 
026701 1603 
026704 1909 
026705 1603 
026706 1904 
026708 1815 
026709 1812 
026710 1880 
026711 1603 
026712 2089 
026713 2066 
026714 1851 
026716 2123 
026718 2048 
026719 1812 
026720 1989 
026721 1800 
026722 7 
026723 1890 
026724 1646 
026726 1603 
026728 2133 
026730 1665 
026731 2029 
026732 2104 
026735 2053 
026736 1902 
026737 1902 
026738 2025 
026739 7 
026741 2104 
026742 1907 
026743 1800 
026744 1827 
026746 1880 
026748 1814 
026749 2133 
026750 1906 
026751 1713 
026752 1812 
026753 1812 
026754 1812 
026755 1814 
026757 2133 
026758 1836 
026759 1814 
026760 1814 
026761 1814 
026766 1903 
026767 2068 
026768 2112 
026769 1836 
026770 1603 
026771 1665 
026772 1813 
026773 1848 
026774 1856 
026775 1665 
026776 1934 
026777 1603 
026778 1764 
026779 1803 
026780 1814 
026781 1815 
026782 1918 
026783 1856 
026784 1814 
026785 1812 
026786 1814 
026787 7 
026788 1603 
026789 1814 
026791 2137 
026793 2115 
026794 1805 
026795 1902 
026796 1918 
026798 1808 
026799 1800 
026800 1603 
026801 1882 
026802 2068 
026803 1603 
026804 1918 
026805 1832 
026806 1902 
026807 1856 
026808 1882 
026809 1756 
026810 1865 
026811 1603 
026812 2057 
026814 1906 
026815 1906 
026817 1889 
026818 1815 
026819 1713 
026820 1665 
026821 1925 
026822 1906 
026823 1814 
026824 1820 
026825 1856 
026827 2095 
026828 1815 
026829 2104 
026830 1835 
026831 1906 
026833 1906 
026834 1803 
026836 1815 
026837 1880 
026838 1803 
026839 1880 
026840 1863 
026841 1833 
026842 1603 
026843 1813 
026844 1814 
026845 2115 
026846 1815 
026849 2092 
026850 2089 
026851 1814 
026853 1603 
026854 1814 
026855 1871 
026856 1803 
026858 2115 
026860 7 
026861 1814 
026862 1603 
026863 1665 
026864 1803 
026865 1794 
026866 1856 
026867 1871 
026868 1813 
026869 1792 
026871 1814 
026872 1603 
026873 1812 
026874 1803 
026876 1603 
026877 2068 
026878 1826 
026879 1826 
026880 7 
026881 1906 
026882 2030 
026884 1906 
026886 1603 
026887 1863 
026888 2079 
026889 1895 
026890 1603 
026891 2071 
026892 1603 
026893 1603 
026894 1814 
026896 1795 
026898 1856 
026899 1918 
026900 1826 
026901 1603 
026902 1882 
026903 1826 
026904 1863 
026905 1848 
026906 1795 
026907 1813 
026908 1813 
026910 1884 
026912 2006 
026913 1603 
026914 1863 
026915 1800 
026916 1825 
026917 1907 
026918 2143 
026919 2143 
026921 1944 
026922 1902 
026923 1646 
026924 2092 
026925 1646 
026927 1882 
026928 1603 
026929 1907 
026931 1813 
026932 1603 
026933 1884 
026934 1907 
026936 2144 
026937 2123 
026938 1812 
026939 1817 
026940 1817 
026941 1879 
026942 1817 
026943 1907 
026944 1817 
026945 1817 
026946 1817 
026947 1863 
026948 1134 
026949 1897 
026950 1603 
026952 1817 
026953 1812 
026955 1815 
026956 1795 
026957 1826 
026958 1826 
026959 1848 
026961 1813 
026964 2147 
026966 2068 
026968 1817 
026969 2006 
026970 1863 
026973 2149 
026974 1817 
026976 1996 
026977 1880 
026978 2066 
026979 2147 
026980 1603 
026981 1880 
026982 2030 
026983 1820 
026985 1826 
026986 1814 
026987 1815 
026988 1909 
026990 1918 
026991 1934 
026993 1826 
026996 1907 
026997 1817 
027001 1805 
027002 2150 
027003 1646 
027004 1820 
027006 1803 
027007 1880 
027009 2133 
027011 1794 
027013 1909 
027014 1603 
027015 1646 
027016 1863 
027017 1848 
027020 1795 
027021 1646 
027022 1603 
027023 2090 
027024 1646 
027025 1646 
027026 1603 
027031 1827 
027032 1833 
027035 1817 
027036 1909 
027037 2133 
027039 1851 
027040 2133 
027041 2133 
027042 1814 
027044 1800 
027045 2152 
027046 2152 
027049 2133 
027050 1814 
027051 1907 
027052 2068 
027055 1603 
027056 1880 
027057 1871 
027058 1646 
027065 1848 
027067 2147 
027074 1918 
027075 1907 
027076 1998 
027078 1807 
027079 1603 
027080 1826 
027081 2077 
027083 2155 
027086 1826 
027087 1865 
027088 1912 
027089 2040 
027090 1667 
027092 2104 
027093 1843 
027096 1813 
027098 2120 
027099 1813 
027101 1826 
027103 1847 
027104 1603 
027105 1998 
027106 1813 
027108 1803 
027109 1854 
027110 1803 
027111 1813 
027112 1820 
027113 1813 
027116 1603 
027117 1603 
027119 2006 
027120 1902 
027121 1915 
027123 1890 
027125 1863 
027126 2006 
027127 1646 
027128 1820 
027129 1713 
027131 2011 
027132 1803 
027133 1863 
027134 1863 
027135 1899 
027137 1906 
027139 1814 
027140 1998 
027141 1902 
027142 1998 
027144 2104 
027145 1925 
027147 1906 
027148 2155 
027149 1815 
027150 1815 
027151 1603 
027152 1909 
027153 2133 
027154 2104 
027155 1813 
027156 2049 
027158 1817 
027159 1756 
027160 1863 
027161 1813 
027162 1820 
027163 1603 
027164 1814 
027165 1814 
027166 1998 
027167 2104 
027168 1134 
027169 1863 
027170 1895 
027171 1805 
027172 1880 
027174 1814 
027175 1919 
027176 1795 
027177 1880 
027178 2006 
027179 1803 
027180 1603 
027181 1665 
027182 1814 
027183 2133 
027185 1603 
027186 1961 
027187 2104 
027192 1856 
027193 1890 
027194 1794 
027195 2133 
027196 2133 
027197 1907 
027198 1603 
027199 1934 
027200 1915 
027202 1814 
027203 1902 
027204 1603 
027205 2133 
027206 2160 
027207 1603 
027208 1813 
027209 1817 
027210 2066 
027211 2036 
027212 1998 
027213 1603 
027214 1665 
027215 1803 
027216 1803 
027217 1817 
027218 1895 
027219 1875 
027220 1646 
027221 1915 
027223 1665 
027224 2104 
027225 1813 
027227 2161 
027228 2104 
027229 1603 
027230 903 
027232 1814 
027233 1909 
027235 1817 
027236 2133 
027237 1794 
027238 1814 
027239 1863 
027240 2155 
027241 2123 
027242 1814 
027243 1603 
027244 1817 
027246 2133 
027247 1603 
027248 1646 
027250 1603 
027251 1665 
027252 1603 
027253 1603 
027255 2104 
027256 1603 
027257 1603 
027259 2133 
027260 1912 
027261 1880 
027262 1880 
027263 1815 
027264 1814 
027266 1815 
027267 1814 
027268 1851 
027269 1863 
027270 1603 
027271 1813 
027272 2133 
027273 1814 
027274 1897 
027275 1805 
027276 2049 
027278 1603 
027279 1813 
027280 1814 
027281 1814 
027282 2163 
027283 1814 
027285 1814 
027287 1603 
027288 1981 
027289 1998 
027290 1814 
027291 1814 
027292 1603 
027293 1845 
027295 1603 
027296 1817 
027298 1890 
027299 2115 
027300 2155 
027301 7 
027302 1839 
027303 1803 
027304 1813 
027305 1646 
027306 1713 
027307 1814 
027308 1906 
027309 1814 
027310 1815 
027311 1998 
027312 1813 
027313 1815 
027314 2107 
027316 1907 
027317 1815 
027319 1827 
027321 1815 
027322 1907 
027323 1884 
027324 1814 
027325 2133 
027327 1906 
027328 1794 
027329 1713 
027330 1817 
027331 1817 
027333 1906 
027334 1814 
027335 1906 
027336 1803 
027337 1814 
027338 1817 
027339 1814 
027340 1815 
027341 1603 
027342 1814 
027343 1813 
027344 1814 
027346 1817 
027347 7 
027348 1813 
027349 1817 
027350 1814 
027351 2133 
027352 1603 
027353 1880 
027354 1814 
027355 1603 
027356 1814 
027357 1814 
027358 1803 
027359 1839 
027360 1814 
027362 2166 
027363 2167 
027365 1902 
027366 1863 
027367 1813 
027368 1603 
027369 2120 
027370 1815 
027371 1603 
027373 2104 
027374 1814 
027375 1794 
027377 1713 
027378 1880 
027379 1817 
027380 2133 
027381 1902 
027382 1817 
027383 1713 
027384 1812 
027385 1603 
027387 1713 
027388 1817 
027389 2006 
027390 1817 
027391 1803 
027392 2120 
027395 2171 
027396 1764 
027397 1134 
027398 2172 
027399 1817 
027401 903 
027402 1905 
027403 1603 
027404 2006 
027407 1603 
027408 1934 
027409 1880 
027410 1863 
027411 1880 
027412 1817 
027413 1817 
027414 1843 
027416 1865 
027417 1817 
027418 1863 
027420 1815 
027421 2173 
027422 1794 
027423 1863 
027425 1603 
027426 1794 
027427 1813 
027428 1794 
027429 1794 
027430 1794 
027431 2104 
027432 1863 
027433 1817 
027434 1817 
027435 1817 
027436 1856 
027437 1863 
027438 2103 
027439 1817 
027440 1817 
027442 1817 
027443 1603 
027445 1603 
027446 1817 
027447 1603 
027448 1817 
027450 1880 
027451 1603 
027452 1814 
027453 1817 
027454 1826 
027456 2171 
027457 1603 
027458 1603 
027459 1817 
027460 1817 
027461 2133 
027462 1846 
027463 1902 
027464 2174 
027465 1814 
027466 2066 
027467 1907 
027468 1603 
027469 1848 
027470 2147 
027471 1825 
027472 1603 
027474 1907 
027475 2071 
027476 2147 
027477 1646 
027478 1805 
027479 1863 
027480 1817 
027483 1764 
027484 1865 
027485 1998 
027488 1909 
027489 1907 
027490 1909 
027491 1890 
027492 1826 
027493 1817 
027494 1858 
027495 2057 
027496 1825 
027497 2025 
027498 2177 
027499 1603 
027500 1871 
027501 1646 
027502 2046 
027504 1817 
027505 1803 
027506 1817 
027507 1813 
027509 1813 
027510 1813 
027511 1865 
027512 1865 
027513 1865 
027514 1865 
027515 1865 
027516 1865 
027517 1865 
027518 1865 
027519 1865 
027520 1865 
027521 1865 
027522 1865 
027523 1865 
027524 1865 
027525 1865 
027526 1865 
027527 1865 
027528 1865 
027529 1865 
027530 1865 
027531 1865 
027532 1865 
027533 1865 
027534 1865 
027535 1865 
027536 1865 
027537 1865 
027538 1865 
027539 1865 
027540 1865 
027541 1865 
027542 1865 
027543 1865 
027544 1865 
027545 1865 
027546 1865 
027547 1865 
027548 1865 
027549 1865 
027550 1865 
027551 1865 
027552 1865 
027553 1865 
027554 1865 
027555 1865 
027556 1865 
027557 1865 
027558 1865 
027559 1865 
027560 1865 
027561 1865 
027562 1865 
027563 1865 
027564 1865 
027565 1865 
027566 1865 
027567 1865 
027568 1865 
027569 1865 
027570 1865 
027571 1865 
027572 1865 
027573 1865 
027574 1865 
027575 1865 
027576 1865 
027577 1865 
027578 1865 
027579 1865 
027580 1865 
027581 1865 
027582 1865 
027583 1865 
027584 1865 
027585 1865 
027586 1865 
027587 1865 
027588 1865 
027589 1865 
027590 1865 
027591 1865 
027592 1865 
027593 1865 
027594 1865 
027595 1865 
027596 1865 
027597 1865 
027598 2179 
027599 1865 
027600 1865 
027601 1865 
027602 1865 
027603 1865 
027604 1865 
027605 1865 
027606 1865 
027607 1865 
027608 1865 
027609 1865 
027610 1858 
027611 1865 
027612 1865 
027613 1865 
027614 1865 
027615 1865 
027616 1865 
027617 1865 
027618 1865 
027619 1865 
027620 1865 
027621 1865 
027622 1865 
027623 1865 
027624 1865 
027625 1865 
027626 1865 
027627 1813 
027628 1865 
027629 1865 
027630 1865 
027631 1934 
027632 1865 
027633 1865 
027634 1890 
027635 1865 
027636 1865 
027637 1865 
027638 1865 
027639 1865 
027640 1865 
027641 1865 
027642 1865 
027643 1865 
027644 1865 
027645 1865 
027646 1865 
027647 1825 
027648 1865 
027649 1865 
027650 1865 
027651 1865 
027652 1813 
027653 1865 
027654 1865 
027655 2063 
027656 1865 
027657 1865 
027658 1865 
027659 1805 
027660 1865 
027661 1865 
027662 1904 
027663 1865 
027664 1865 
027665 1865 
027666 1865 
027667 1865 
027668 1865 
027669 1865 
027670 1865 
027671 1865 
027673 1865 
027674 1800 
027675 1865 
027676 1865 
027677 1865 
027678 1865 
027679 1880 
027680 1814 
027681 1865 
027682 1865 
027683 1800 
027684 1865 
027685 1880 
027686 1865 
027687 1865 
027689 1865 
027690 1800 
027691 1865 
027692 1865 
027693 1865 
027694 1865 
027695 1865 
027696 1800 
027697 1865 
027698 1865 
027699 1865 
027700 1865 
027701 1800 
027702 1603 
027703 1865 
027704 1918 
027705 1800 
027706 1800 
027707 1865 
027708 1800 
027709 1803 
027710 1865 
027711 1813 
027712 1865 
027713 1865 
027714 1865 
027715 1865 
027716 1865 
027717 1865 
027718 1865 
027719 1865 
027720 1826 
027721 1865 
027722 1865 
027723 1865 
027724 1865 
027725 1865 
027726 1826 
027727 2155 
027728 1756 
027729 1943 
027730 1865 
027731 1865 
027732 1800 
027734 1865 
027735 1665 
027736 1865 
027737 1865 
027738 1865 
027740 1865 
027741 1865 
027742 1865 
027743 1800 
027744 1865 
027745 1906 
027746 1865 
027747 1865 
027748 1826 
027749 1865 
027750 1865 
027751 1865 
027752 1865 
027753 1865 
027754 1865 
027755 1814 
027756 1865 
027757 1865 
027758 1865 
027759 2071 
027760 1603 
027761 1865 
027762 1865 
027763 1603 
027764 1865 
027765 1603 
027766 1865 
027767 1865 
027768 1865 
027769 1603 
027770 1865 
027771 2090 
027772 1865 
027773 1934 
027774 2147 
027775 1865 
027776 1865 
027777 1865 
027778 1865 
027779 1897 
027780 1953 
027781 1865 
027782 1865 
027783 1865 
027784 1865 
027785 1865 
027786 1603 
027787 1865 
027788 1817 
027789 1865 
027791 1865 
027792 1865 
027794 2090 
027796 1865 
027798 2089 
027799 1820 
027800 1865 
027801 1865 
027802 1865 
027803 1890 
027804 1817 
027805 1865 
027806 1865 
027807 1865 
027808 1603 
027810 1865 
027811 1902 
027812 1865 
027813 1865 
027814 1865 
027815 1865 
027816 2104 
027817 1865 
027818 1820 
027819 2182 
027820 1865 
027821 1865 
027822 1865 
027823 1865 
027824 2046 
027825 1865 
027827 1865 
027828 1865 
027829 1800 
027830 1865 
027831 1934 
027832 1865 
027833 1895 
027834 7 
027835 1865 
027836 1865 
027837 1865 
027838 1646 
027839 1865 
027840 1865 
027841 1865 
027842 1856 
027843 1871 
027844 1907 
027845 2120 
027846 1909 
027847 1814 
027848 1865 
027849 1909 
027850 1865 
027851 1865 
027852 1906 
027853 1865 
027854 1865 
027855 1820 
027856 1794 
027857 1865 
027858 1865 
027859 1865 
027860 1865 
027861 1814 
027862 1865 
027863 1906 
027864 1603 
027865 1865 
027866 1814 
027867 1814 
027868 1865 
027869 1909 
027870 1865 
027871 1865 
027872 1814 
027873 1817 
027874 1934 
027875 1865 
027876 1865 
027877 1603 
027878 1827 
027879 1814 
027880 1814 
027881 1603 
027882 1865 
027883 1805 
027884 1805 
027885 1805 
027886 1865 
027887 1800 
027888 1825 
027889 1803 
027890 1805 
027891 1805 
027892 1603 
027893 1865 
027894 2184 
027895 1865 
027896 1805 
027897 1865 
027898 1907 
027899 1805 
027900 1865 
027901 2006 
027902 1865 
027903 2185 
027904 2160 
027905 1603 
027906 1865 
027907 1865 
027908 1805 
027909 2186 
027910 1865 
027911 1846 
027912 1865 
027913 1825 
027914 1800 
027915 1865 
027916 1603 
027917 1865 
027918 2029 
027919 1813 
027920 1646 
027921 1814 
027922 2009 
027923 1865 
027924 2187 
027925 1603 
027926 1814 
027927 1865 
027928 1865 
027929 1826 
027930 2049 
027931 1962 
027932 2009 
027933 1865 
027934 1815 
027935 1814 
027936 1865 
027937 1865 
027938 1865 
027939 2028 
027940 1865 
027941 1865 
027942 1865 
027943 1865 
027944 1820 
027945 1865 
027946 2160 
027947 1603 
027948 1800 
027949 1865 
027950 1865 
027951 1820 
027952 1869 
027953 1805 
027954 1603 
027955 2013 
027956 1865 
027957 1865 
027958 1814 
027959 1820 
027960 1713 
027961 1820 
027962 1865 
027963 1880 
027964 1880 
027965 1990 
027966 1880 
027967 1880 
027968 2009 
027969 1880 
027970 1794 
027971 1814 
027972 2188 
027973 1865 
027974 1794 
027975 1801 
027976 1865 
027977 1814 
027978 1865 
027979 1820 
027980 2047 
027981 1989 
027982 1889 
027983 1865 
027984 1865 
027985 2096 
027986 1820 
027987 1813 
027988 1865 
027989 1875 
027990 1795 
027991 2127 
027992 1903 
027993 2189 
027994 2120 
027995 1665 
027996 1865 
027997 1863 
027998 2172 
027999 2008 
028000 1865 
028001 1865 
028002 1795 
028003 2111 
028004 1865 
028005 1865 
028006 1826 
028007 1795 
028008 2047 
028009 1903 
028010 1820 
028011 1865 
028012 1803 
028013 1863 
028014 1794 
028015 1603 
028016 1820 
028017 1903 
028018 1820 
028019 1603 
028020 1880 
028021 1832 
028022 1713 
028023 1865 
028024 1803 
028025 1820 
028026 1989 
028027 1863 
028028 2104 
028029 1603 
028030 1865 
028031 2190 
028032 1603 
028033 2090 
028034 1865 
028035 2190 
028036 1813 
028037 1865 
028038 1813 
028039 2015 
028040 1813 
028041 1814 
028042 1833 
028043 1603 
028044 1865 
028045 2191 
028046 1805 
028047 1865 
028048 1820 
028049 1803 
028050 1820 
028051 1603 
028052 1865 
028053 2079 
028054 1603 
028055 1603 
028056 1805 
028057 1820 
028058 2192 
028059 2068 
028060 1603 
028061 1826 
028062 1934 
028063 1813 
028064 1865 
028065 1912 
028066 1826 
028067 1603 
028068 1865 
028069 1998 
028070 1865 
028071 1865 
028072 1865 
028073 2096 
028074 1814 
028075 1871 
028076 1814 
028077 1865 
028078 1865 
028079 2120 
028080 2095 
028081 1890 
028082 1865 
028083 1646 
028084 2193 
028085 1814 
028086 2173 
028087 1865 
028088 1813 
028089 1813 
028090 1813 
028091 1863 
028092 1814 
028093 1855 
028094 1813 
028095 1865 
028096 1865 
028097 1820 
028098 1603 
028099 1865 
028100 1865 
028101 1814 
028102 1865 
028103 1713 
028104 1813 
028105 1897 
028106 1865 
028107 1805 
028108 2053 
028109 1865 
028110 1865 
028111 1865 
028112 1817 
028113 1817 
028114 1865 
028115 1865 
028116 1890 
028117 1865 
028118 1813 
028119 1812 
028120 2177 
028121 1817 
028122 2173 
028123 1865 
028124 1865 
028125 1865 
028126 1865 
028127 1865 
028128 1800 
028129 1865 
028130 1603 
028131 1812 
028132 2104 
028133 1865 
028134 1603 
028135 2194 
028136 1603 
028137 1603 
028138 1865 
028139 1817 
028140 1817 
028141 2195 
028142 1794 
028143 1865 
028144 2013 
028145 1817 
028146 1865 
028147 1794 
028148 1817 
028149 2066 
028150 1865 
028151 1794 
028152 1865 
028153 1865 
028154 1865 
028155 2068 
028156 1865 
028157 1865 
028158 2173 
028159 1947 
028160 1865 
028161 1947 
028162 7 
028163 1794 
028164 1603 
028165 1794 
028166 1794 
028167 1829 
028168 1794 
028169 1794 
028170 1817 
028171 1817 
028172 1817 
028173 1883 
028174 1904 
028175 1865 
028176 1865 
028177 1865 
028178 2196 
028179 1795 
028180 1865 
028181 2036 
028182 2195 
028183 2103 
028184 1865 
028185 1858 
028186 2020 
028187 1910 
028188 2029 
028189 1858 
028190 1863 
028191 1836 
028192 1603 
028193 2197 
028194 1713 
028195 1858 
028196 1865 
028197 1813 
028198 2149 
028199 1800 
028200 2198 
028201 4 
028202 1858 
028203 1865 
028204 1848 
028205 1865 
028206 2174 
028207 1865 
028208 1848 
028209 1827 
028210 1848 
028211 1985 
028212 2199 
028213 1925 
028214 7 
028215 1834 
028216 2006 
028217 1848 
028218 1865 
028219 1890 
028220 1865 
028221 2200 
028222 2040 
028223 1865 
028224 1646 
028225 1646 
028226 4 
028227 2025 
028228 2092 
028229 1848 
028230 1865 
028231 1646 
028232 1848 
028233 2106 
028234 1865 
028235 1848 
028236 1905 
028237 1912 
028238 1646 
028239 1813 
028240 1875 
028241 2163 
028242 1603 
028243 1909 
028244 2046 
028245 1944 
028246 1646 
028247 2104 
028248 1646 
028249 2201 
028250 2094 
028251 1646 
028252 2120 
028253 1863 
028254 1884 
028255 2150 
028256 2202 
028257 2155 
028258 1863 
028259 1905 
028260 1848 
028261 1805 
028262 2203 
028263 1863 
028264 1833 
028265 1848 
028266 1863 
028267 1846 
028268 1803 
028269 1865 
028270 2204 
028271 1848 
028272 1803 
028273 1865 
028274 1805 
028275 1646 
028276 1905 
028277 1848 
028278 2174 
028279 1865 
028280 1820 
028281 1848 
028282 1951 
028283 1803 
028284 2006 
028285 2196 
028286 2084 
028287 1646 
028288 1863 
028289 1817 
028290 2205 
028291 2206 
028292 1863 
028293 1989 
028294 1805 
028295 1803 
028296 1884 
028297 1865 
028298 1962 
028299 1944 
028300 2207 
028301 1865 
028302 1820 
028303 2179 
028304 1603 
028305 1865 
028306 2115 
028307 1603 
028308 1603 
028309 1826 
028310 1890 
028311 1863 
028312 1865 
028313 2172 
028314 2020 
028315 1865 
028316 1834 
028317 1817 
028318 1865 
028319 1865 
028320 1646 
028321 1865 
028322 2208 
028323 1878 
028324 1803 
028325 2208 
028326 2206 
028327 1817 
028328 1713 
028329 1603 
028330 903 
028331 1603 
028332 1817 
028333 1865 
028334 1905 
028335 1902 
028336 2137 
028337 1863 
028338 1603 
028339 2152 
028340 2104 
028341 1865 
028342 1989 
028343 2209 
028344 1865 
028345 1825 
028346 1603 
028347 1805 
028348 1865 
028349 2194 
028350 1825 
028351 1865 
028352 2210 
028353 2123 
028354 1865 
028355 1865 
028356 1865 
028357 1910 
028358 2187 
028359 1865 
028360 1817 
028361 1865 
028362 1665 
028363 1863 
028364 1665 
028365 2211 
028366 1817 
028367 1817 
028368 1863 
028369 1805 
028370 1820 
028371 2060 
028372 1865 
028373 1603 
028374 1603 
028375 1805 
028376 1603 
028377 1915 
028378 1646 
028379 1909 
028380 1961 
028381 1603 
028382 1803 
028383 1603 
028384 1865 
028385 2212 
028386 2104 
028387 1855 
028388 1851 
028389 2150 
028390 2213 
028391 2214 
028392 1603 
028393 2001 
028394 1865 
028395 1865 
028396 2060 
028397 1827 
028398 1817 
028399 2104 
028400 1817 
028401 1884 
028402 1865 
028403 2152 
028404 1863 
028405 1794 
028406 1820 
028407 1805 
028408 1803 
028409 2215 
028410 1856 
028411 1603 
028412 1820 
028413 2112 
028414 2092 
028415 1817 
028416 2216 
028417 2189 
028418 2217 
028419 2218 
028420 2057 
028421 1909 
028422 1814 
028423 1817 
028424 1855 
028425 1803 
028426 1865 
028427 1794 
028428 1871 
028429 2174 
028430 1665 
028431 1817 
028432 2219 
028433 1902 
028434 1865 
028435 2020 
028436 1134 
028437 1803 
028438 1687 
028439 1603 
028440 2091 
028441 2133 
028442 1603 
028443 1854 
028444 1907 
028445 1835 
028446 1814 
028447 1713 
028448 1843 
028449 1817 
028450 2220 
028451 1764 
028452 1603 
028453 1813 
028454 1907 
028455 1603 
028456 1603 
028457 1905 
028458 2187 
028459 1813 
028460 2111 
028461 1805 
028462 1805 
028463 1865 
028464 1907 
028465 1907 
028466 1865 
028467 2221 
028468 1907 
028469 2082 
028470 1865 
028471 1865 
028472 2082 
028473 2082 
028474 1805 
028475 2082 
028476 2082 
028477 2082 
028478 2082 
028479 1906 
028480 1805 
028481 1865 
028482 1882 
028483 1906 
028484 2082 
028485 2082 
028486 2082 
028487 1863 
028488 1865 
028489 1713 
028490 1906 
028491 1906 
028492 1878 
028493 2082 
028494 2222 
028495 2011 
028496 1881 
028497 2082 
028498 1865 
028499 1865 
028500 2048 
028501 2082 
028502 2082 
028503 1865 
028504 2082 
028505 2161 
028506 1813 
028507 1803 
028508 1865 
028509 2223 
028510 2082 
028511 1603 
028512 1865 
028513 2068 
028514 1915 
028515 1907 
028516 2221 
028517 1895 
028518 1805 
028519 1865 
028520 1813 
028521 2082 
028522 2082 
028523 2107 
028524 1895 
028525 1895 
028526 2221 
028527 1907 
028528 1906 
028529 1805 
028530 1854 
028531 1603 
028532 1813 
028533 2082 
028534 2224 
028535 1871 
028536 1813 
028537 1865 
028538 1756 
028539 1820 
028540 2225 
028541 1713 
028542 1909 
028543 7 
028544 1907 
028545 1907 
028546 1603 
028547 1805 
028548 1890 
028549 1863 
028550 2208 
028551 1895 
028552 1865 
028553 2082 
028554 1794 
028555 1925 
028556 1865 
028557 1603 
028558 1713 
028559 1603 
028560 2082 
028561 2215 
028562 2226 
028563 1865 
028564 1878 
028565 1906 
028566 1803 
028567 2082 
028568 1856 
028569 1919 
028570 1906 
028571 2082 
028572 1865 
028573 1895 
028574 1865 
028575 1956 
028576 1863 
028577 1895 
028578 1906 
028579 1902 
028580 1906 
028581 1906 
028582 1863 
028583 1906 
028584 1906 
028585 1820 
028586 1865 
028587 1865 
028588 2082 
028589 1865 
028590 808 
028591 2008 
028592 2082 
028593 1865 
028594 1817 
028595 1906 
028596 1907 
028597 1803 
028598 1906 
028599 2182 
028600 1603 
028601 1906 
028602 1865 
028603 1803 
028604 2082 
028605 2179 
028606 1865 
028607 1805 
028608 1851 
028609 1869 
028610 1603 
028611 1903 
028612 2008 
028613 1795 
028614 1906 
028615 2082 
028616 1805 
028617 1603 
028618 1906 
028619 1603 
028620 1875 
028621 2149 
028622 1817 
028623 2115 
028624 1906 
028625 1906 
028626 1906 
028627 1906 
028628 1803 
028629 2089 
028630 1906 
028631 1603 
028632 1906 
028633 1906 
028634 1906 
028635 1906 
028636 1906 
028637 1906 
028638 1906 
028639 1906 
028640 1906 
028641 1906 
028642 1906 
028643 2187 
028644 1906 
028645 1906 
028646 1906 
028647 1906 
028648 1603 
028649 1906 
028650 1906 
028651 1865 
028652 1906 
028653 2194 
028654 1906 
028655 1906 
028656 1906 
028657 1906 
028658 1906 
028659 1813 
028660 1906 
028661 1603 
028662 2105 
028663 2227 
028664 1906 
028665 1906 
028666 1906 
028667 1906 
028668 1906 
028669 1906 
028670 2228 
028671 1865 
028672 1906 
028673 1906 
028674 1906 
028675 1865 
028676 1906 
028677 1865 
028678 1906 
028679 1895 
028680 1906 
028681 2208 
028682 2077 
028683 1865 
028684 1906 
028685 1906 
028686 2082 
028687 1906 
028688 1906 
028689 1764 
028690 2160 
028691 1817 
028692 1863 
028693 1865 
028694 1899 
028695 1907 
028696 1906 
028697 1817 
028698 1865 
028699 1865 
028700 2160 
028701 1865 
028702 1792 
028703 1925 
028704 1906 
028705 1906 
028706 1906 
028707 1906 
028708 2229 
028709 2227 
028710 1906 
028711 1906 
028712 1989 
028713 1603 
028714 1906 
028715 1805 
028716 1906 
028717 1865 
028718 1863 
028719 1906 
028720 1907 
028721 2173 
028722 1646 
028723 2230 
028724 1906 
028725 2123 
028726 1817 
028727 1906 
028728 1817 
028729 1865 
028730 1907 
028731 1812 
028732 1865 
028733 1865 
028734 1879 
028735 1817 
028736 1820 
028737 1906 
028738 1906 
028739 1865 
028740 1865 
028741 1906 
028742 1865 
028743 1865 
028744 1906 
028745 1817 
028746 1906 
028747 1713 
028748 2147 
028749 1906 
028750 1906 
028751 1906 
028752 1906 
028753 1907 
028754 2082 
028755 2133 
028756 1803 
028757 1906 
028758 1826 
028759 2116 
028760 1865 
028761 2133 
028762 1907 
028763 2082 
028764 1865 
028765 1906 
028766 1906 
028767 1875 
028768 1813 
028769 1817 
028770 1603 
028771 1646 
028772 1906 
028773 2030 
028774 1865 
028775 1836 
028776 1906 
028777 2105 
028778 1875 
028779 2082 
028780 2082 
028781 2231 
028782 2006 
028783 1808 
028784 1906 
028785 2232 
028786 2203 
028787 1906 
028788 1817 
028789 1906 
028790 1646 
028791 1906 
028792 2082 
028793 1863 
028794 1906 
028795 2066 
028796 1865 
028797 1906 
028798 1795 
028799 1906 
028800 1820 
028801 2171 
028802 1863 
028803 1865 
028804 1906 
028805 1906 
028806 1813 
028807 2006 
028808 1906 
028809 2133 
028810 1906 
028811 1603 
028812 1603 
028813 1603 
028814 2233 
028815 1875 
028816 2082 
028817 1906 
028818 2195 
028819 1603 
028820 2008 
028821 2008 
028822 1906 
028823 2104 
028824 1906 
028825 1803 
028826 1817 
028827 1603 
028828 1603 
028829 2137 
028830 2150 
028831 1795 
028832 1906 
028833 1906 
028834 2030 
028835 1906 
028836 1865 
028837 1865 
028838 1865 
028839 1865 
028840 1865 
028841 1865 
028842 1865 
028843 1865 
028844 1865 
028845 1865 
028846 1865 
028847 1865 
028848 1865 
028849 1865 
028850 1865 
028851 1865 
028852 1865 
028853 1865 
028854 1865 
028855 1919 
028856 1865 
028857 1865 
028858 1646 
028859 1907 
028860 1907 
028861 1865 
028862 1865 
028863 1865 
028864 2066 
028865 2199 
028866 2123 
028867 1865 
028868 1865 
028869 1907 
028870 1865 
028871 1865 
028872 1865 
028873 1646 
028874 1865 
028875 1803 
028876 1907 
028877 1865 
028878 1865 
028879 1865 
028880 1865 
028881 1865 
028882 2234 
028883 1865 
028884 1865 
028885 1865 
028886 1665 
028887 1665 
028888 1820 
028889 1865 
028890 1865 
028891 1865 
028892 1865 
028893 1764 
028894 1817 
028895 1865 
028896 1865 
028897 1865 
028898 1858 
028899 1906 
028900 1865 
028901 1865 
028902 1813 
028903 1956 
028904 1865 
028905 1817 
028906 1956 
028907 1956 
028908 1956 
028909 1865 
028910 1956 
028911 2234 
028912 1865 
028913 1713 
028914 1803 
028915 1603 
028916 1646 
028917 1817 
028918 1925 
028919 1956 
028920 1854 
028921 1817 
028922 1646 
028923 1865 
028924 1865 
028925 1865 
028926 1865 
028927 2235 
028928 1906 
028929 1817 
028930 2123 
028931 1865 
028932 1865 
028933 1865 
028934 1865 
028935 1906 
028936 1865 
028937 1603 
028938 1603 
028939 2236 
028940 1865 
028941 1865 
028942 1865 
028943 1865 
028944 1865 
028945 2104 
028946 1865 
028947 1865 
028948 1764 
028949 1865 
028950 1865 
028951 1865 
028952 2123 
028953 1907 
028954 1817 
028955 1865 
028956 1865 
028957 2237 
028958 1817 
028959 1865 
028960 1909 
028961 1906 
028962 1865 
028963 1865 
028964 1865 
028965 1603 
028966 1865 
028967 1906 
028968 1918 
028969 1813 
028970 1865 
028971 1906 
028972 2238 
028973 1906 
028974 1865 
028975 1865 
028976 2082 
028977 1906 
028978 1865 
028979 1713 
028980 1865 
028981 2239 
028982 1907 
028983 1803 
028984 2082 
028985 1646 
028986 2179 
028987 1865 
028988 1825 
028989 1865 
028990 1865 
028991 1906 
028992 2227 
028993 2082 
028994 1603 
028995 1906 
028996 1875 
028997 2194 
028998 1906 
028999 2082 
029000 2240 
029001 1865 
029002 1817 
029003 1817 
029004 1865 
029005 1865 
029006 1817 
029007 2082 
029008 1803 
029009 2082 
029010 2179 
029011 1906 
029012 1865 
029013 1603 
029014 1865 
029015 1906 
029016 1865 
029017 1880 
029018 2161 
029019 1865 
029020 1807 
029021 2123 
029022 1865 
029023 1865 
029024 1820 
029025 1865 
029026 1865 
029027 1865 
029028 2082 
029029 1880 
029030 2082 
029031 1865 
029032 1865 
029033 1865 
029034 1947 
029035 1880 
029036 1906 
029037 1865 
029038 1865 
029039 1865 
029040 2008 
029041 1865 
029042 2111 
029043 1865 
029044 2155 
029045 1962 
029046 1865 
029047 1865 
029048 1906 
029049 1865 
029050 1865 
029051 2089 
029052 1848 
029053 1603 
029054 1865 
029055 1603 
029056 1906 
029057 1865 
029058 1813 
029059 1865 
029060 1865 
029061 1865 
029062 2028 
029063 1865 
029064 1906 
029065 2241 
029066 1903 
029067 1906 
029068 1906 
029069 1865 
029070 1865 
029071 1865 
029072 1603 
029073 1865 
029074 1906 
029075 1865 
029076 1947 
029077 1925 
029078 1603 
029079 1665 
029080 1865 
029081 1795 
029082 1906 
029083 1865 
029084 1865 
029085 1795 
029086 1865 
029087 2242 
029088 1865 
029089 1906 
029090 1865 
029091 1865 
029092 1906 
029093 2082 
029094 2082 
029095 1865 
029096 1865 
029097 1865 
029098 1848 
029099 1865 
029100 1906 
029101 1817 
029102 1820 
029103 2243 
029104 1865 
029105 2244 
029106 1906 
029107 1906 
029108 1906 
029109 1865 
029110 1603 
029111 1865 
029112 1865 
029113 1865 
029114 1865 
029115 1603 
029116 1865 
029117 1996 
029118 2245 
029119 1865 
029120 1794 
029121 2123 
029122 1603 
029123 1865 
029124 1865 
029125 1603 
029126 2243 
029127 1865 
029128 2243 
029129 1603 
029130 1865 
029131 2246 
029132 1956 
029133 1865 
029134 1956 
029135 2179 
029136 1956 
029137 1909 
029138 1795 
029139 1814 
029140 1865 
029141 2049 
029142 1865 
029143 1865 
029144 2013 
029145 1865 
029146 1826 
029147 1603 
029148 1880 
029149 2243 
029150 1865 
029151 1826 
029152 1865 
029153 1667 
029154 1865 
029155 1865 
029156 1865 
029157 1865 
029158 1875 
029159 1865 
029160 1865 
029161 2247 
029162 1865 
029163 2079 
029164 2248 
029165 2179 
029166 1865 
029167 2123 
029168 7 
029169 7 
029170 7 
029171 7 
029172 7 
029173 7 
029174 7 
029175 7 
029176 7 
029177 7 
029178 7 
029179 7 
029180 7 
029181 1865 
029182 1865 
029183 7 
029184 1865 
029185 7 
029186 7 
029187 7 
029188 7 
029189 7 
029190 7 
029191 1865 
029192 7 
029193 7 
029194 7 
029195 2249 
029196 7 
029197 7 
029198 7 
029199 1865 
029200 2143 
029201 7 
029202 7 
029203 1865 
029204 7 
029205 7 
029206 1865 
029207 7 
029208 7 
029209 1603 
029210 7 
029211 7 
029212 7 
029213 7 
029214 7 
029215 7 
029216 1817 
029217 7 
029218 7 
029219 7 
029220 7 
029221 7 
029222 1906 
029223 7 
029224 1865 
029225 7 
029226 7 
029227 7 
029228 7 
029229 1865 
029230 7 
029231 1817 
029232 7 
029233 7 
029234 1865 
029235 1865 
029236 7 
029237 7 
029238 7 
029239 7 
029240 7 
029241 7 
029242 7 
029243 2247 
029244 1865 
029245 1865 
029246 1865 
029247 7 
029248 1865 
029249 1803 
029250 1865 
029251 2082 
029252 1865 
029253 7 
029254 7 
029255 1865 
029256 1865 
029257 7 
029258 7 
029259 7 
029260 1990 
029261 1865 
029262 1603 
029263 1956 
029264 7 
029265 7 
029266 7 
029267 7 
029268 7 
029269 1865 
029270 1865 
029271 1906 
029272 7 
029273 7 
029274 7 
029275 7 
029276 1865 
029277 1603 
029278 1865 
029279 7 
029280 7 
029281 7 
029282 1865 
029283 1865 
029284 7 
029285 2207 
029286 2250 
029287 2247 
029288 2251 
029289 1794 
029290 7 
029291 1906 
029292 1847 
029293 1906 
029294 1902 
029295 7 
029296 2252 
029297 7 
029298 7 
029299 2253 
029300 1603 
029301 2252 
029302 1906 
029303 7 
029304 7 
029305 7 
029306 2253 
029307 7 
029308 7 
029309 1865 
029310 1865 
029311 2144 
029312 7 
029313 1834 
029314 7 
029315 7 
029316 7 
029317 1906 
029318 1865 
029319 7 
029320 1865 
029321 1865 
029322 7 
029323 7 
029324 1603 
029325 7 
029326 7 
029327 1865 
029328 2008 
029329 7 
029330 7 
029331 7 
029332 1855 
029333 1865 
029334 1865 
029335 1865 
029336 1813 
029337 1865 
029338 7 
029339 2254 
029340 1906 
029341 7 
029342 2255 
029343 1906 
029344 1902 
029345 2094 
029346 1906 
029347 1909 
029348 1906 
029349 1865 
029350 2255 
029351 1865 
029352 1906 
029353 1906 
029354 7 
029355 1603 
029356 2082 
029357 7 
029358 1865 
029359 7 
029360 7 
029361 2247 
029362 2247 
029363 7 
029364 7 
029365 1906 
029366 2194 
029367 1764 
029368 7 
029369 1890 
029370 1855 
029371 1665 
029372 1865 
029373 1665 
029374 7 
029375 7 
029376 2256 
029377 1918 
029378 2247 
029379 1865 
029380 1603 
029381 1906 
029382 7 
029383 1603 
029384 7 
029385 2247 
029386 1832 
029387 2257 
029388 7 
029389 1603 
029390 1906 
029391 7 
029392 1803 
029393 1865 
029394 7 
029395 7 
029396 1906 
029397 1603 
029398 7 
029399 7 
029400 7 
029401 7 
029402 1603 
029403 1990 
029404 7 
029405 1665 
029406 7 
029407 2013 
029408 7 
029409 7 
029410 2225 
029411 1925 
029412 7 
029413 1863 
029414 1603 
029415 2247 
029416 7 
029417 1865 
029418 2258 
029419 2254 
029420 7 
029421 7 
029422 7 
029423 7 
029424 7 
029425 7 
029426 2247 
029427 1906 
029428 1863 
029429 1865 
029430 1865 
029431 2082 
029432 7 
029433 1918 
029434 7 
029435 1817 
029436 1603 
029437 7 
029438 1603 
029439 1906 
029440 1865 
029441 1943 
029442 1813 
029443 1808 
029444 1906 
029445 7 
029446 1865 
029447 1906 
029448 1918 
029449 2247 
029450 7 
029451 7 
029452 1906 
029453 1906 
029454 7 
029455 1906 
029456 2247 
029457 7 
029458 1794 
029459 1803 
029460 2155 
029461 1854 
029462 7 
029463 2082 
029464 1863 
029465 7 
029466 7 
029467 1865 
029468 1906 
029469 7 
029470 1865 
029471 7 
029472 1817 
029473 7 
029474 1865 
029475 1906 
029476 1603 
029477 1603 
029478 1803 
029479 1865 
029480 1603 
029481 7 
029482 1865 
029483 1865 
029484 2247 
029485 1803 
029486 1803 
029487 1603 
029488 1865 
029489 1817 
029490 1882 
029491 1817 
029492 1906 
029493 1906 
029494 1865 
029495 1903 
029496 1906 
029497 1899 
029498 1665 
029499 1925 
029500 1820 
029501 7 
029502 1944 
029503 1603 
029504 1665 
029505 2079 
029506 1820 
029507 7 
029508 2247 
029509 1906 
029510 1865 
029511 2229 
029512 1906 
029513 1820 
029514 1925 
029515 1865 
029516 1906 
029517 1998 
029518 1865 
029519 1909 
029520 7 
029521 7 
029522 1865 
029523 7 
029524 7 
029525 1865 
029526 1925 
029527 1603 
029528 1918 
029529 7 
029530 2247 
029531 2053 
029532 1956 
029533 1865 
029534 2082 
029535 1865 
029536 1803 
029537 1906 
029538 1865 
029539 1934 
029540 1863 
029541 7 
029542 1865 
029543 7 
029544 7 
029545 7 
029546 2047 
029547 7 
029548 7 
029549 1918 
029550 1906 
029551 2082 
029552 7 
029553 1865 
029554 1603 
029555 1998 
029556 2166 
029557 1603 
029558 1956 
029559 1865 
029560 1865 
029561 7 
029562 2167 
029563 1603 
029564 2068 
029565 7 
029566 1906 
029567 7 
029568 1603 
029569 1906 
029570 1845 
029571 1832 
029572 1903 
029573 1603 
029574 1603 
029575 7 
029576 7 
029577 1865 
029578 7 
029579 2247 
029580 7 
029581 1805 
029582 7 
029583 1906 
029584 7 
029585 1906 
029586 1904 
029587 7 
029588 1906 
029589 1865 
029590 1805 
029591 1603 
029592 7 
029593 1906 
029594 1865 
029595 1865 
029596 1906 
029597 1906 
029598 1906 
029599 1906 
029600 7 
029601 1906 
029602 1925 
029603 2259 
029604 7 
029605 2259 
029606 7 
029607 1906 
029608 2077 
029609 1981 
029610 1906 
029611 1906 
029612 1906 
029613 1865 
029614 1925 
029615 1603 
029616 7 
029617 1925 
029618 1925 
029619 1906 
029620 1906 
029621 1906 
029622 1925 
029623 7 
029624 1906 
029625 1906 
029626 1865 
029627 7 
029628 1925 
029629 2082 
029630 2082 
029631 1906 
029632 7 
029633 1906 
029634 1906 
029635 1865 
029636 1906 
029637 2123 
029638 7 
029639 1865 
029640 7 
029641 1795 
029642 1906 
029643 1906 
029644 1906 
029645 7 
029646 1925 
029647 2082 
029648 7 
029649 2082 
029650 1925 
029651 2260 
029652 1925 
029653 2261 
029654 1925 
029655 1906 
029656 1906 
029657 1603 
029658 1906 
029659 1906 
029660 1906 
029661 1906 
029662 1906 
029663 2262 
029664 7 
029665 1865 
029666 1906 
029667 1603 
029668 7 
029669 1925 
029670 1925 
029671 1906 
029672 1925 
029673 1906 
029674 7 
029675 1897 
029676 7 
029677 2082 
029678 2082 
029679 2082 
029680 1906 
029681 2244 
029682 1906 
029683 2071 
029684 1906 
029685 1906 
029686 1825 
029687 7 
029688 1795 
029689 1803 
029690 1865 
029691 1603 
029692 1906 
029693 1863 
029694 2263 
029695 1915 
029696 2254 
029697 1906 
029698 1906 
029699 1906 
029700 1906 
029701 1906 
029702 7 
029703 1603 
029704 1906 
029705 1956 
029706 1906 
029707 2082 
029708 1906 
029709 2152 
029710 2237 
029711 1603 
029712 7 
029713 1906 
029714 7 
029715 1863 
029716 1603 
029717 7 
029718 1906 
029719 1906 
029720 1865 
029721 7 
029722 1906 
029723 2082 
029724 1906 
029725 2264 
029726 7 
029727 2247 
029728 7 
029729 1906 
029730 1906 
029731 7 
029732 1803 
029733 1906 
029734 1713 
029735 7 
029736 2265 
029737 1865 
029738 1906 
029739 2063 
029740 1919 
029741 2266 
029742 2205 
029743 1865 
029744 1603 
029745 1865 
029746 1865 
029747 1713 
029748 7 
029749 1906 
029750 1865 
029751 1906 
029752 1906 
029753 7 
029754 1906 
029755 7 
029756 1863 
029757 1865 
029758 1865 
029759 1906 
029760 1906 
029761 2082 
029762 1906 
029763 1865 
029764 1906 
029765 1906 
029766 7 
029767 2089 
029768 1603 
029769 1906 
029770 2082 
029771 7 
029772 1603 
029773 1803 
029774 1925 
029775 1795 
029776 1918 
029777 7 
029778 1906 
029779 7 
029780 1906 
029781 2025 
029782 7 
029783 1764 
029784 1865 
029785 1865 
029786 1906 
029787 2225 
029788 1906 
029789 1906 
029790 1925 
029791 1820 
029792 2243 
029793 7 
029794 2267 
029795 7 
029796 7 
029797 1863 
029798 1906 
029799 7 
029800 7 
029801 1906 
029802 1906 
029803 2082 
029804 1803 
029805 2268 
029806 1803 
029807 1906 
029808 2066 
029809 1865 
029810 1603 
029811 1906 
029812 1906 
029813 1603 
029814 1865 
029815 1839 
029816 1865 
029817 1865 
029818 1603 
029819 1865 
029820 7 
029821 1906 
029822 1906 
029823 1906 
029824 1906 
029825 1646 
029826 7 
029827 1906 
029828 1906 
029829 7 
029830 1906 
029831 2182 
029832 1906 
029833 1906 
029834 1764 
029835 1906 
029836 2247 
029837 7 
029838 2247 
029839 2201 
029840 2247 
029841 1906 
029842 1906 
029843 1865 
029844 7 
029845 1925 
029846 1803 
029847 1814 
029848 2133 
029849 1906 
029850 1906 
029851 1906 
029852 1906 
029853 1906 
029854 1794 
029855 1847 
029856 1962 
029857 1863 
029858 1998 
029859 1906 
029860 7 
029861 1906 
029862 1813 
029863 1906 
029864 1906 
029865 1603 
029866 1918 
029867 2247 
029868 7 
029869 1794 
029870 1865 
029871 1906 
029872 2269 
029873 1906 
029874 1906 
029875 1865 
029876 1865 
029877 1906 
029878 1906 
029879 1865 
029880 1906 
029881 1856 
029882 2270 
029883 1906 
029884 2015 
029885 2271 
029886 1603 
029887 1863 
029888 2272 
029889 7 
029890 2273 
029891 2247 
029892 2082 
029893 7 
029894 2274 
029895 2274 
029896 1915 
029897 1906 
029898 1906 
029899 2274 
029900 2020 
029901 2082 
029902 1906 
029903 2275 
029904 1996 
029905 1925 
029906 2274 
029907 1665 
029908 1846 
029909 2274 
029910 1956 
029911 1846 
029912 1665 
029913 2275 
029914 4 
029915 1603 
029916 1884 
029917 2274 
029918 7 
029919 2274 
029920 1865 
029921 2274 
029922 1925 
029923 2274 
029924 2274 
029925 1906 
029926 1918 
029927 1906 
029928 1813 
029929 2276 
029930 1882 
029931 1905 
029932 1646 
029933 1646 
029934 1865 
029935 1906 
029936 1906 
029937 1906 
029938 2247 
029939 1925 
029940 1906 
029941 7 
029942 1603 
029943 1906 
029944 2082 
029945 2254 
029946 1925 
029947 1813 
029948 1848 
029949 1906 
029950 1825 
029951 1899 
029952 7 
029953 1865 
029954 2247 
029955 1906 
029956 1603 
029957 1906 
029958 1953 
029959 2143 
029960 7 
029961 1803 
029962 1906 
029963 1906 
029964 1803 
029965 1906 
029966 7 
029967 1848 
029968 1865 
029969 7 
029970 1813 
029971 2197 
029972 1865 
029973 7 
029974 1646 
029975 7 
029976 7 
029977 1906 
029978 1906 
029979 2006 
029980 1906 
029981 1906 
029982 2256 
029983 1906 
029984 1805 
029985 1889 
029986 2277 
029987 1603 
029988 7 
029989 1817 
029990 2278 
029991 1863 
029992 1817 
029993 1803 
029994 7 
029995 7 
029996 1603 
029997 1813 
029998 1687 
029999 7 
030000 1848 
030001 2254 
030002 2279 
030003 2189 
030004 7 
030005 2280 
030006 1865 
030007 1906 
030008 1817 
030009 1817 
030010 1943 
030011 1906 
030012 2235 
030013 7 
030014 1865 
030015 1865 
030016 1906 
030017 1865 
030018 1603 
030019 1855 
030020 1865 
030021 1863 
030022 1687 
030023 1906 
030024 2082 
030025 2082 
030026 2281 
030027 1803 
030028 2260 
030029 7 
030030 2264 
030031 1813 
030032 1906 
030033 1764 
030034 1865 
030035 2001 
030036 7 
030037 1603 
030038 1865 
030039 1863 
030040 7 
030041 2177 
030042 2254 
030043 1603 
030044 2186 
030045 7 
030046 1906 
030047 7 
030048 1906 
030049 1906 
030050 1906 
030051 1603 
030052 1906 
030053 2282 
030054 7 
030055 1865 
030056 7 
030057 7 
030058 1865 
030059 1603 
030060 7 
030061 1956 
030062 2272 
030063 1603 
030064 2071 
030065 2279 
030066 2001 
030067 1603 
030068 2001 
030069 1848 
030070 7 
030071 7 
030072 1906 
030073 2247 
030074 1848 
030075 1865 
030076 1906 
030077 1603 
030078 2283 
030079 1865 
030080 2284 
030081 2177 
030082 1905 
030083 2263 
030084 1906 
030085 2247 
030086 2247 
030087 1603 
030088 1865 
030089 1906 
030090 1907 
030091 2242 
030092 7 
030093 2247 
030094 2270 
030095 7 
030096 1906 
030097 1603 
030098 7 
030099 1832 
030100 7 
030101 1865 
030102 7 
030103 1890 
030104 1865 
030105 7 
030106 1906 
030107 1865 
030108 1865 
030109 1906 
030110 7 
030111 2260 
030112 1865 
030113 1865 
030114 1865 
030115 1863 
030116 1603 
030117 2082 
030118 1944 
030119 1603 
030120 2247 
030121 1906 
030122 7 
030123 1902 
030124 1906 
030125 1665 
030126 7 
030127 1817 
030128 7 
030129 2270 
030130 2285 
030131 1863 
030132 1906 
030133 2197 
030134 1906 
030135 1863 
030136 1906 
030137 2286 
030138 7 
030139 1906 
030140 7 
030141 1865 
030142 2287 
030143 1906 
030144 1603 
030145 7 
030146 1865 
030147 1906 
030148 1906 
030149 2275 
030150 7 
030151 7 
030152 1795 
030153 1918 
030154 1813 
030155 1906 
030156 1603 
030157 2082 
030158 2244 
030159 1603 
030160 2288 
030161 2289 
030162 2071 
030163 2030 
030164 1865 
030165 1865 
030166 2244 
030167 1603 
030168 2290 
030169 1981 
030170 1863 
030171 2291 
030172 2200 
030173 1863 
030174 2247 
030175 1603 
030176 2248 
030177 1665 
030178 2015 
030179 1906 
030180 1890 
030181 1865 
030182 1665 
030183 1906 
030184 1903 
030185 1865 
030186 2292 
030187 1803 
030188 2123 
030189 1855 
030190 7 
030191 2096 
030192 1943 
030193 1904 
030194 1897 
030195 1906 
030196 7 
030197 1813 
030198 7 
030199 2247 
030200 2293 
030201 1865 
030202 2057 
030203 1848 
030204 2289 
030205 1906 
030206 7 
030207 1603 
030208 1865 
030209 2205 
030210 2294 
030211 2295 
030212 1863 
030213 1603 
030214 1903 
030215 1902 
030216 2296 
030217 2006 
030218 1603 
030219 1803 
030220 1865 
030221 2071 
030222 1906 
030223 1906 
030224 2192 
030225 1603 
030226 2260 
030227 7 
030228 1865 
030229 1906 
030230 1902 
030231 1687 
030232 1603 
030233 1863 
030234 1906 
030235 2057 
030236 1906 
030237 1836 
030238 1603 
030239 1906 
030240 2123 
030241 1856 
030242 1902 
030243 1603 
030244 2297 
030245 1764 
030246 1884 
030247 7 
030248 1603 
030249 1875 
030250 2286 
030251 7 
030252 2082 
030253 2298 
030254 1855 
030255 1903 
030256 2205 
030257 1884 
030258 1884 
030259 1820 
030260 1820 
030261 1863 
030262 2299 
030263 2300 
030264 7 
030265 7 
030266 7 
030267 1836 
030268 1906 
030269 1820 
030270 2292 
030271 2285 
030272 7 
030273 1863 
030274 2263 
030275 1881 
030276 2254 
030277 7 
030278 1906 
030279 1855 
030280 1884 
030281 1865 
030282 1603 
030283 1865 
030284 2288 
030285 2247 
030286 1909 
030287 1863 
030288 7 
030289 7 
030290 2301 
030291 1909 
030292 1909 
030293 1603 
030294 1817 
030295 2302 
030296 1865 
030297 2260 
030298 7 
030299 1603 
030300 2009 
030301 1603 
030302 1909 
030303 7 
030304 2217 
030305 7 
030306 1865 
030307 1906 
030308 1956 
030309 1865 
030310 1906 
030311 7 
030312 7 
030313 1863 
030314 1814 
030315 2303 
030316 2304 
030317 2301 
030318 1813 
030319 1907 
030320 1884 
030321 1906 
030322 2247 
