4 000037 
4 000039 
4 000040 
4 000041 
4 000044 
4 000088 
4 000106 
4 000109 
4 000134 
4 000148 
4 000259 
4 000263 
4 000368 
4 000389 
4 000408 
4 000414 
4 000449 
4 000528 
4 000574 
4 000960 
4 000961 
4 000983 
4 000986 
4 001050 
4 002067 
4 002186 
4 002189 
4 002218 
4 002237 
4 002238 
4 002268 
4 002277 
4 002284 
4 002287 
4 002288 
4 002297 
4 002302 
4 002303 
4 002319 
4 002325 
4 002327 
4 002333 
4 002339 
4 002342 
4 002360 
4 002383 
4 002390 
4 002399 
4 002410 
4 002419 
4 002433 
4 002458 
4 002463 
4 002494 
4 002504 
4 002654 
4 002670 
4 002681 
4 002730 
4 002741 
4 002769 
4 002797 
4 002805 
4 002823 
4 002834 
4 002851 
4 002853 
4 002873 
4 002878 
4 002881 
4 002889 
4 002896 
4 002921 
4 002945 
4 002965 
4 002967 
4 002969 
4 002984 
4 002991 
4 003028 
4 003030 
4 003045 
4 003068 
4 003100 
4 003111 
4 003125 
4 003155 
4 003169 
4 003197 
4 003207 
4 003219 
4 003229 
4 003259 
4 003267 
4 003305 
4 003336 
4 003368 
4 003398 
4 003399 
4 003412 
4 003423 
4 003428 
4 003442 
4 003468 
4 003471 
4 003501 
4 003507 
4 003580 
4 003606 
4 003633 
4 003781 
4 003842 
4 003925 
4 003979 
4 004035 
4 004065 
4 004070 
4 004174 
4 004242 
4 004318 
4 004329 
4 004390 
4 004401 
4 004419 
4 004443 
4 004521 
4 004671 
4 004702 
4 004755 
4 004779 
4 004782 
4 004787 
4 005148 
4 005167 
4 005171 
4 005172 
4 005177 
4 005179 
4 005180 
4 005182 
4 005184 
4 005186 
4 005187 
4 005196 
4 005201 
4 005204 
4 005206 
4 005208 
4 005211 
4 005237 
4 005254 
4 005256 
4 005259 
4 005281 
4 005283 
4 005284 
4 005292 
4 005297 
4 005300 
4 005393 
4 005402 
4 005412 
4 005413 
4 005462 
4 005478 
4 005759 
4 005760 
4 005762 
4 005766 
4 005772 
4 005789 
4 005792 
4 005793 
4 005796 
4 005808 
4 005813 
4 005817 
4 005828 
4 005829 
4 005832 
4 005836 
4 005841 
4 005853 
4 005868 
4 005875 
4 005882 
4 005943 
4 005951 
4 005956 
4 005965 
4 005981 
4 005986 
4 005992 
4 005994 
4 005996 
4 006004 
4 006009 
4 006013 
4 006035 
4 006058 
4 006061 
4 006088 
4 006090 
4 006126 
4 006133 
4 006172 
4 006179 
4 006182 
4 006188 
4 006197 
4 006213 
4 006214 
4 006228 
4 006245 
4 006268 
4 006307 
4 006337 
4 006338 
4 006383 
4 006399 
4 006405 
4 006431 
4 006511 
4 006512 
4 007581 
4 008506 
4 010266 
4 010562 
4 010709 
4 010787 
4 010859 
4 011161 
4 011522 
4 012166 
4 013599 
4 013758 
4 013815 
4 013831 
4 013872 
4 013873 
4 013993 
4 014147 
4 014290 
4 014580 
4 014667 
4 014685 
4 014712 
4 014723 
4 015121 
4 015176 
4 015249 
4 015678 
4 016325 
4 016459 
4 017204 
4 017388 
4 017403 
4 017426 
4 017453 
4 017732 
4 017733 
4 017734 
4 017744 
4 017769 
4 017781 
4 017782 
4 017783 
4 017787 
4 017802 
4 017913 
4 018039 
4 018059 
4 018081 
4 018251 
4 018585 
4 018645 
4 018850 
4 018926 
4 018942 
4 018968 
4 018996 
4 019008 
4 019220 
4 019242 
4 019243 
4 019244 
4 019316 
4 019398 
4 019491 
4 019501 
4 020763 
4 021118 
4 021633 
4 023351 
4 023363 
4 023397 
4 024306 
4 024484 
4 024485 
4 024567 
4 024568 
4 025810 
4 028201 
4 028226 
4 029914 
4 028416 
4 028723 
4 027083 
4 027148 
4 027240 
4 027300 
4 027727 
4 028257 
4 029044 
4 029460 
4 024427 
4 024713 
4 025109 
4 025116 
4 025276 
4 025572 
4 025906 
4 025937 
4 026009 
4 026045 
4 026218 
4 026281 
4 026290 
4 026323 
4 026395 
4 026444 
4 026512 
4 026614 
4 026736 
4 026737 
4 026795 
4 026806 
4 026922 
4 027120 
4 027141 
4 027203 
4 027365 
4 027381 
4 027463 
4 027811 
4 028335 
4 028433 
4 028579 
4 029294 
4 029344 
4 030123 
4 030215 
4 030230 
4 030242 
4 024516 
4 024522 
4 024538 
4 026313 
4 027088 
4 027260 
4 028065 
4 028237 
4 027464 
4 028206 
4 028278 
4 028429 
4 028708 
4 029511 
4 028418 
4 030304 
4 028927 
4 030012 
4 028781 
4 028540 
4 029410 
4 029787 
4 030078 
4 008089 
4 008386 
4 008416 
4 008476 
4 008490 
4 008530 
4 008613 
4 008985 
4 009451 
4 009484 
4 009802 
4 010013 
4 010216 
4 010407 
4 010559 
4 010726 
4 010737 
4 010806 
4 010899 
4 010913 
4 010926 
4 010932 
4 010992 
4 011017 
4 011098 
4 011103 
4 011347 
4 011353 
4 011365 
4 011401 
4 011409 
4 011420 
4 011611 
4 011619 
4 011674 
4 012091 
4 012184 
4 012287 
4 012357 
4 012438 
4 013795 
4 013810 
4 013822 
4 013851 
4 013868 
4 013870 
4 013930 
4 013945 
4 014034 
4 014253 
4 014319 
4 015011 
4 015021 
4 015168 
4 015181 
4 015231 
4 015255 
4 015296 
4 015346 
4 015792 
4 016331 
4 016345 
4 016375 
4 016385 
4 016392 
4 016414 
4 016460 
4 016541 
4 016572 
4 016596 
4 016624 
4 016626 
4 016741 
4 016798 
4 016857 
4 016888 
4 017015 
4 017404 
4 017863 
4 018044 
4 018474 
4 018758 
4 018781 
4 018910 
4 020198 
4 020223 
4 020246 
4 020515 
4 020693 
4 020723 
4 020738 
4 020876 
4 021037 
4 021319 
4 021374 
4 021485 
4 021504 
4 021849 
4 021916 
4 021925 
4 021929 
4 022096 
4 022976 
4 023075 
4 023328 
4 023408 
4 023414 
4 023475 
4 023507 
4 024077 
4 024614 
4 024830 
4 024861 
4 026127 
4 028590 
4 023900 
4 023909 
4 023911 
4 023960 
4 023965 
4 024023 
4 024128 
4 024252 
4 024256 
4 024268 
4 024389 
4 024449 
4 024464 
4 024465 
4 024466 
4 024467 
4 024469 
4 024470 
4 024471 
4 024495 
4 024501 
4 024506 
4 024593 
4 024728 
4 024923 
4 024960 
4 024986 
4 025061 
4 025155 
4 025215 
4 025219 
4 025487 
4 025579 
4 025607 
4 025699 
4 026182 
4 026481 
4 026522 
4 026531 
4 026878 
4 026879 
4 026900 
4 026903 
4 026957 
4 026958 
4 026985 
4 026993 
4 027080 
4 027086 
4 027101 
4 027454 
4 027492 
4 027720 
4 027726 
4 027748 
4 027929 
4 028006 
4 028061 
4 028066 
4 028309 
4 028758 
4 029146 
4 029151 
4 024113 
4 024115 
4 024190 
4 024249 
4 024295 
4 024326 
4 024448 
4 024451 
4 024458 
4 024477 
4 024524 
4 024534 
4 024535 
4 024536 
4 024543 
4 024590 
4 024591 
4 024598 
4 024627 
4 024637 
4 024653 
4 024654 
4 024680 
4 024696 
4 024706 
4 024707 
4 024724 
4 024726 
4 024738 
4 024774 
4 024777 
4 024799 
4 024803 
4 024817 
4 024914 
4 024922 
4 024936 
4 025036 
4 025042 
4 025093 
4 025121 
4 025255 
4 025347 
4 025400 
4 025450 
4 025509 
4 025510 
4 025611 
4 025617 
4 025778 
4 025788 
4 026195 
4 026227 
4 026244 
4 026246 
4 026265 
4 026546 
4 027219 
4 027989 
4 028240 
4 028620 
4 028767 
4 028778 
4 028815 
4 028996 
4 029158 
4 030249 
4 024131 
4 024875 
4 025162 
4 025264 
4 025445 
4 025570 
4 026941 
4 028734 
4 023937 
4 024082 
4 024564 
4 025903 
4 025961 
4 026758 
4 026769 
4 028191 
4 028775 
4 030237 
4 030267 
4 025748 
4 027502 
4 027824 
4 028244 
4 023951 
4 024971 
4 025424 
4 025660 
4 026384 
4 027093 
4 027414 
4 028448 
4 024002 
4 024800 
4 025123 
4 025606 
4 025690 
4 026001 
4 027109 
4 028443 
4 028530 
4 028920 
4 029461 
4 027282 
4 028241 
4 029805 
4 028509 
4 028352 
4 026728 
4 026749 
4 026757 
4 027009 
4 027037 
4 027040 
4 027041 
4 027049 
4 027153 
4 027183 
4 027195 
4 027196 
4 027205 
4 027236 
4 027246 
4 027259 
4 027272 
4 027325 
4 027351 
4 027380 
4 027461 
4 028441 
4 028755 
4 028761 
4 028809 
4 029848 
4 023899 
4 024042 
4 024227 
4 024407 
4 024430 
4 024436 
4 024636 
4 024859 
4 024961 
4 025015 
4 025039 
4 025082 
4 025108 
4 025111 
4 025135 
4 025139 
4 025143 
4 025148 
4 025154 
4 025178 
4 025294 
4 025344 
4 025363 
4 025364 
4 025373 
4 025378 
4 025381 
4 025458 
4 025459 
4 025460 
4 025504 
4 025508 
4 025530 
4 025564 
4 025569 
4 025583 
4 025678 
4 025700 
4 025701 
4 025755 
4 025781 
4 025935 
4 026254 
4 026530 
4 026533 
4 026553 
4 026655 
4 026916 
4 027471 
4 027496 
4 027647 
4 027888 
4 027913 
4 028345 
4 028350 
4 028988 
4 029686 
4 029950 
4 030130 
4 030271 
4 009166 
4 009173 
4 010034 
4 010915 
4 011120 
4 011241 
4 011338 
4 011416 
4 012231 
4 013261 
4 014692 
4 014805 
4 014880 
4 015186 
4 015980 
4 017290 
4 017643 
4 018101 
4 019604 
4 019981 
4 020387 
4 020463 
4 020673 
4 021079 
4 021587 
4 021657 
4 021999 
4 022607 
4 024672 
4 025008 
4 025822 
4 025929 
4 026538 
4 027230 
4 027401 
4 028330 
4 025038 
4 025927 
4 026582 
4 027931 
4 028298 
4 029045 
4 029856 
4 024257 
4 026477 
4 026603 
4 026817 
4 027982 
4 029985 
4 025180 
4 027288 
4 029609 
4 030169 
4 024489 
4 024502 
4 024556 
4 024809 
4 024810 
4 024822 
4 024824 
4 024832 
4 025518 
4 025549 
4 025552 
4 025553 
4 025710 
4 025711 
4 025742 
4 025795 
4 025836 
4 025902 
4 026067 
4 026102 
4 026155 
4 026174 
4 026175 
4 026180 
4 026188 
4 026202 
4 026209 
4 026213 
4 026223 
4 026226 
4 026277 
4 026298 
4 026612 
4 026627 
4 026628 
4 026658 
4 026680 
4 026699 
4 026704 
4 026988 
4 027013 
4 027036 
4 027152 
4 027233 
4 027488 
4 027490 
4 027846 
4 027849 
4 027869 
4 028243 
4 028379 
4 028421 
4 028542 
4 028960 
4 029137 
4 029347 
4 029519 
4 030286 
4 030291 
4 030292 
4 030302 
4 030080 
4 028467 
4 028516 
4 028526 
4 021686 
4 022631 
4 024392 
4 024625 
4 025017 
4 025055 
4 025117 
4 025256 
4 025777 
4 025967 
4 026194 
4 026366 
4 026595 
4 026730 
4 026771 
4 026775 
4 026820 
4 026863 
4 027181 
4 027214 
4 027223 
4 027251 
4 027735 
4 027995 
4 028362 
4 028364 
4 028430 
4 028886 
4 028887 
4 029079 
4 029371 
4 029373 
4 029405 
4 029498 
4 029504 
4 029907 
4 029912 
4 030125 
4 030177 
4 030182 
4 023799 
4 025645 
4 026869 
4 028702 
4 029986 
4 030315 
4 030168 
4 029885 
4 025682 
4 027089 
4 028222 
4 029288 
4 029296 
4 029301 
4 027398 
4 027998 
4 028313 
4 029651 
4 030028 
4 030111 
4 030226 
4 030297 
4 030295 
4 025760 
4 026329 
4 026718 
4 028500 
4 028385 
4 029418 
4 025472 
4 025732 
4 026133 
4 026268 
4 027131 
4 028495 
4 030026 
4 030137 
4 030250 
4 027395 
4 027456 
4 028801 
4 026578 
4 028759 
4 028256 
4 028814 
4 027819 
4 028599 
4 029831 
4 029164 
4 030176 
4 028957 
4 029710 
4 028450 
4 030210 
4 028084 
4 024130 
4 026271 
4 026308 
4 026393 
4 028323 
4 028492 
4 028564 
4 028045 
4 030262 
4 029118 
4 029065 
4 026172 
4 028286 
4 028972 
4 028058 
4 030224 
4 027045 
4 027046 
4 028339 
4 028403 
4 029709 
4 027903 
4 024161 
4 024243 
4 024409 
4 024432 
4 024837 
4 025367 
4 026264 
4 026454 
4 028496 
4 030275 
4 026973 
4 028198 
4 028621 
4 030171 
4 030244 
4 024431 
4 026116 
4 026766 
4 027992 
4 028009 
4 028017 
4 028611 
4 029066 
4 029495 
4 029572 
4 030184 
4 030214 
4 030255 
4 029890 
4 024395 
4 024411 
4 024423 
4 024459 
4 024552 
4 024623 
4 024887 
4 024902 
4 024906 
4 024907 
4 024908 
4 024909 
4 024911 
4 024912 
4 024967 
4 024973 
4 024995 
4 025072 
4 025079 
4 025658 
4 025899 
4 025938 
4 026253 
4 026256 
4 026336 
4 026949 
4 027274 
4 027779 
4 028105 
4 029675 
4 030194 
4 026936 
4 029311 
4 026262 
4 026273 
4 026650 
4 028440 
4 025232 
4 025303 
4 026189 
4 026572 
4 027965 
4 029260 
4 029403 
4 027894 
4 029725 
4 030030 
4 028290 
4 029742 
4 030209 
4 030256 
4 030142 
4 026113 
4 027081 
4 028682 
4 029608 
4 025586 
4 027939 
4 029062 
4 024439 
4 024473 
4 024705 
4 024722 
4 024794 
4 025316 
4 025452 
4 025627 
4 026139 
4 026468 
4 026571 
4 026706 
4 027662 
4 028174 
4 029586 
4 030193 
4 026964 
4 026979 
4 027067 
4 027470 
4 027476 
4 027774 
4 028748 
4 029694 
4 030083 
4 030274 
4 025465 
4 026050 
4 027999 
4 028591 
4 028612 
4 028820 
4 028821 
4 029040 
4 029328 
4 026302 
4 026473 
4 028250 
4 029345 
4 023866 
4 024248 
4 024309 
4 024595 
4 024603 
4 026026 
4 026411 
4 026450 
4 026709 
4 026719 
4 026752 
4 026753 
4 026754 
4 026785 
4 026873 
4 026938 
4 026953 
4 027384 
4 028119 
4 028131 
4 028731 
4 028670 
4 024856 
4 025675 
4 026921 
4 028245 
4 028299 
4 029502 
4 030118 
4 028178 
4 028285 
4 028141 
4 028182 
4 028818 
4 027002 
4 028255 
4 028389 
4 028830 
4 024849 
4 025091 
4 025582 
4 025728 
4 027729 
4 029441 
4 030010 
4 030192 
4 029603 
4 029605 
4 029195 
4 028432 
4 027598 
4 028303 
4 028605 
4 028986 
4 029010 
4 029135 
4 029165 
4 026049 
4 026228 
4 026391 
4 026767 
4 026802 
4 026877 
4 026966 
4 027052 
4 028059 
4 028155 
4 028513 
4 029564 
4 028221 
4 030172 
4 023901 
4 023929 
4 023983 
4 024164 
4 024255 
4 024377 
4 024977 
4 025425 
4 026024 
4 026744 
4 027031 
4 027319 
4 027878 
4 028209 
4 028397 
4 025369 
4 025616 
4 025618 
4 026404 
4 028393 
4 030035 
4 030066 
4 030068 
4 023930 
4 023991 
4 024179 
4 024540 
4 024632 
4 024910 
4 025480 
4 025693 
4 025696 
4 025770 
4 028215 
4 028316 
4 029313 
4 023839 
4 024253 
4 024620 
4 025189 
4 025913 
4 026043 
4 026331 
4 026351 
4 027078 
4 029020 
4 027421 
4 028086 
4 028122 
4 028158 
4 028721 
4 027993 
4 028417 
4 030003 
4 025323 
4 025554 
4 026055 
4 026552 
4 026976 
4 029117 
4 029904 
4 029653 
4 024220 
4 024254 
4 024371 
4 024376 
4 024388 
4 024435 
4 024541 
4 025000 
4 025012 
4 025168 
4 025361 
4 025474 
4 025722 
4 025730 
4 026532 
4 026910 
4 026933 
4 027323 
4 028254 
4 028296 
4 028401 
4 029916 
4 030246 
4 030257 
4 030258 
4 030280 
4 030320 
4 029342 
4 029350 
4 025033 
4 025112 
4 025124 
4 025136 
4 025485 
4 025529 
4 025612 
4 025676 
4 025691 
4 025768 
4 025813 
4 025888 
4 025923 
4 025957 
4 025986 
4 026078 
4 026428 
4 027186 
4 028380 
4 024085 
4 024422 
4 025681 
4 027952 
4 028609 
4 028322 
4 028325 
4 028550 
4 028681 
4 029105 
4 029681 
4 030158 
4 030166 
4 024262 
4 024352 
4 024364 
4 024386 
4 024391 
4 024601 
4 024719 
4 024754 
4 024779 
4 024783 
4 024786 
4 024901 
4 025246 
4 025337 
4 025365 
4 025386 
4 025407 
4 025498 
4 025595 
4 025727 
4 025776 
4 025971 
4 025980 
4 026204 
4 026300 
4 026325 
4 026380 
4 026723 
4 027123 
4 027193 
4 027298 
4 027491 
4 027634 
4 027803 
4 028081 
4 028116 
4 028219 
4 028310 
4 028548 
4 029369 
4 030103 
4 030180 
4 023989 
4 024415 
4 024821 
4 025070 
4 026121 
4 026207 
4 026261 
4 026714 
4 027039 
4 027268 
4 028388 
4 028608 
4 025642 
4 025643 
4 026131 
4 027211 
4 028181 
4 024106 
4 024258 
4 024271 
4 024272 
4 024273 
4 024274 
4 024281 
4 024282 
4 024283 
4 024305 
4 024321 
4 024372 
4 024406 
4 024454 
4 024618 
4 024920 
4 024921 
4 025027 
4 025048 
4 025320 
4 025356 
4 025375 
4 025546 
4 025852 
4 026542 
4 026601 
4 026855 
4 026867 
4 027057 
4 027500 
4 027843 
4 028075 
4 028428 
4 028535 
4 025598 
4 025599 
4 026882 
4 026982 
4 028773 
4 028834 
4 030163 
4 028193 
4 029971 
4 030133 
4 025774 
4 026097 
4 026193 
4 026199 
4 026604 
4 026623 
4 027156 
4 027276 
4 027930 
4 029141 
4 026238 
4 027023 
4 027771 
4 027794 
4 028033 
4 030263 
4 029872 
4 030002 
4 030065 
4 025505 
4 026394 
4 028039 
4 029884 
4 030178 
4 024398 
4 024487 
4 025098 
4 025754 
4 026205 
4 027135 
4 028694 
4 029497 
4 029951 
4 029339 
4 029419 
4 029696 
4 029945 
4 030001 
4 030042 
4 030276 
4 030053 
4 028494 
4 029000 
4 030160 
4 030284 
4 030211 
4 027909 
4 030044 
4 029387 
4 028663 
4 028709 
4 028992 
4 028419 
4 028291 
4 028326 
4 028262 
4 028786 
4 021462 
4 021471 
4 021483 
4 021608 
4 021980 
4 022039 
4 022521 
4 023774 
4 024573 
4 024925 
4 024978 
4 025267 
4 025398 
4 025399 
4 025401 
4 025404 
4 025409 
4 025420 
4 025434 
4 025437 
4 025442 
4 025448 
4 025451 
4 025501 
4 025513 
4 025556 
4 025567 
4 025638 
4 025673 
4 025771 
4 025868 
4 025870 
4 025873 
4 025877 
4 025880 
4 025894 
4 025898 
4 025904 
4 025910 
4 025916 
4 025926 
4 025934 
4 025946 
4 026027 
4 026054 
4 026077 
4 026081 
4 026087 
4 026148 
4 026152 
4 026259 
4 026412 
4 026417 
4 026485 
4 026490 
4 026497 
4 026510 
4 026549 
4 026606 
4 026607 
4 026618 
4 026619 
4 026621 
4 026631 
4 026653 
4 026724 
4 026923 
4 026925 
4 027003 
4 027015 
4 027021 
4 027024 
4 027025 
4 027058 
4 027127 
4 027220 
4 027248 
4 027305 
4 027477 
4 027501 
4 027838 
4 027920 
4 028083 
4 028224 
4 028225 
4 028231 
4 028238 
4 028246 
4 028248 
4 028251 
4 028275 
4 028287 
4 028320 
4 028378 
4 028722 
4 028771 
4 028790 
4 028858 
4 028873 
4 028916 
4 028922 
4 028985 
4 029825 
4 029932 
4 029933 
4 029974 
4 024565 
4 024989 
4 025049 
4 027175 
4 028569 
4 028855 
4 029740 
4 023979 
4 024012 
4 024024 
4 024026 
4 024028 
4 024083 
4 024196 
4 024225 
4 024244 
4 024247 
4 024312 
4 024322 
4 024333 
4 024335 
4 024337 
4 024338 
4 024348 
4 024355 
4 024400 
4 024418 
4 024499 
4 024505 
4 024532 
4 024661 
4 024699 
4 024725 
4 024736 
4 024739 
4 024790 
4 024905 
4 024953 
4 025360 
4 025431 
4 025482 
4 025661 
4 025985 
4 025987 
4 025993 
4 026252 
4 026677 
4 026773 
4 026905 
4 026959 
4 027017 
4 027065 
4 027469 
4 028204 
4 028208 
4 028210 
4 028217 
4 028229 
4 028232 
4 028235 
4 028260 
4 028265 
4 028271 
4 028277 
4 028281 
4 029052 
4 029098 
4 029948 
4 029967 
4 030000 
4 030069 
4 030074 
4 030203 
4 024441 
4 024579 
4 024862 
4 024964 
4 025137 
4 025519 
4 025758 
4 026159 
4 026327 
4 027402 
4 028236 
4 028259 
4 028276 
4 028334 
4 028457 
4 029931 
4 030082 
4 029299 
4 029306 
4 024016 
4 024345 
4 024681 
4 025248 
4 025515 
4 025817 
4 026040 
4 026423 
4 027494 
4 027610 
4 028185 
4 028189 
4 028195 
4 028202 
4 028898 
4 025203 
4 025759 
4 026346 
4 026386 
4 028211 
4 027227 
4 028505 
4 029018 
4 024544 
4 025305 
4 025558 
4 027121 
4 027200 
4 027221 
4 028377 
4 028514 
4 029695 
4 029896 
4 024382 
4 024412 
4 024519 
4 024644 
4 024690 
4 024747 
4 024748 
4 024749 
4 024751 
4 024752 
4 024753 
4 024755 
4 024758 
4 024768 
4 024771 
4 024772 
4 024791 
4 024876 
4 024930 
4 024958 
4 024972 
4 025221 
4 025222 
4 025227 
4 025241 
4 025258 
4 025259 
4 025307 
4 025426 
4 025523 
4 025791 
4 025974 
4 026124 
4 026668 
4 026889 
4 027170 
4 027218 
4 027833 
4 028517 
4 028524 
4 028525 
4 028551 
4 028573 
4 028577 
4 028679 
4 029286 
4 024945 
4 025785 
4 025849 
4 025850 
4 026034 
4 026145 
4 026303 
4 026340 
4 026359 
4 026360 
4 026458 
4 026474 
4 026476 
4 027780 
4 029958 
4 028391 
4 026310 
4 027985 
4 028073 
4 030191 
4 024491 
4 024549 
4 024633 
4 024635 
4 024641 
4 024668 
4 024693 
4 024704 
4 024744 
4 024823 
4 025767 
4 025801 
4 028187 
4 028357 
4 023962 
4 024819 
4 024872 
4 025064 
4 025469 
4 025490 
4 025506 
4 025664 
4 025708 
4 026150 
4 027462 
4 027911 
4 028267 
4 029908 
4 029911 
4 023870 
4 023888 
4 023889 
4 023893 
4 023894 
4 023895 
4 023898 
4 023902 
4 023905 
4 023910 
4 023942 
4 024036 
4 024095 
4 024209 
4 024241 
4 024245 
4 024367 
4 024373 
4 024492 
4 024493 
4 024528 
4 024605 
4 024611 
4 024645 
4 024646 
4 024647 
4 024648 
4 024649 
4 024651 
4 024655 
4 024658 
4 024662 
4 024663 
4 024666 
4 024675 
4 024676 
4 024677 
4 024682 
4 024683 
4 024685 
4 024691 
4 024702 
4 024763 
4 024765 
4 024828 
4 024890 
4 024892 
4 025087 
4 025101 
4 025172 
4 025327 
4 025328 
4 025370 
4 025376 
4 025433 
4 025562 
4 025633 
4 025665 
4 025694 
4 025695 
4 025705 
4 025706 
4 025847 
4 025856 
4 025857 
4 025859 
4 025861 
4 025864 
4 025866 
4 025871 
4 025881 
4 025882 
4 025884 
4 025890 
4 025891 
4 025892 
4 025893 
4 025895 
4 025897 
4 025939 
4 025953 
4 025960 
4 025963 
4 026022 
4 026122 
4 026151 
4 026279 
4 026282 
4 026283 
4 026291 
4 026294 
4 026321 
4 026324 
4 026337 
4 026341 
4 026343 
4 026345 
4 026354 
4 026356 
4 026373 
4 026408 
4 026431 
4 026581 
4 026629 
4 026638 
4 026748 
4 026755 
4 026759 
4 026760 
4 026761 
4 026780 
4 026784 
4 026786 
4 026789 
4 026823 
4 026844 
4 026851 
4 026854 
4 026861 
4 026871 
4 026894 
4 026986 
4 027042 
4 027050 
4 027139 
4 027164 
4 027165 
4 027174 
4 027182 
4 027202 
4 027232 
4 027238 
4 027242 
4 027264 
4 027267 
4 027273 
4 027280 
4 027281 
4 027283 
4 027285 
4 027290 
4 027291 
4 027307 
4 027309 
4 027324 
4 027334 
4 027337 
4 027339 
4 027342 
4 027344 
4 027350 
4 027354 
4 027356 
4 027357 
4 027360 
4 027374 
4 027452 
4 027465 
4 027680 
4 027755 
4 027847 
4 027861 
4 027866 
4 027867 
4 027872 
4 027879 
4 027880 
4 027921 
4 027926 
4 027935 
4 027958 
4 027971 
4 027977 
4 028041 
4 028074 
4 028076 
4 028085 
4 028092 
4 028101 
4 028422 
4 028446 
4 029139 
4 029847 
4 030314 
4 024180 
4 024527 
4 024545 
4 025011 
4 025818 
4 026076 
4 026169 
4 026222 
4 026374 
4 026464 
4 026547 
4 026569 
4 026801 
4 026808 
4 026902 
4 026927 
4 028482 
4 029490 
4 029930 
4 025982 
4 026047 
4 026048 
4 026105 
4 027655 
4 029739 
4 023878 
4 023885 
4 023934 
4 024071 
4 024210 
4 024387 
4 024396 
4 024512 
4 025841 
4 026475 
4 026939 
4 026940 
4 026942 
4 026944 
4 026945 
4 026946 
4 026952 
4 026968 
4 026974 
4 026997 
4 027035 
4 027158 
4 027209 
4 027217 
4 027235 
4 027244 
4 027296 
4 027330 
4 027331 
4 027338 
4 027346 
4 027349 
4 027379 
4 027382 
4 027388 
4 027390 
4 027399 
4 027412 
4 027413 
4 027417 
4 027433 
4 027434 
4 027435 
4 027439 
4 027440 
4 027442 
4 027446 
4 027448 
4 027453 
4 027459 
4 027460 
4 027480 
4 027493 
4 027504 
4 027506 
4 027788 
4 027804 
4 027873 
4 028112 
4 028113 
4 028121 
4 028139 
4 028140 
4 028145 
4 028148 
4 028170 
4 028171 
4 028172 
4 028289 
4 028317 
4 028327 
4 028332 
4 028360 
4 028366 
4 028367 
4 028398 
4 028400 
4 028415 
4 028423 
4 028431 
4 028449 
4 028594 
4 028622 
4 028691 
4 028697 
4 028726 
4 028728 
4 028735 
4 028745 
4 028769 
4 028788 
4 028826 
4 028894 
4 028905 
4 028917 
4 028921 
4 028929 
4 028954 
4 028958 
4 029002 
4 029003 
4 029006 
4 029101 
4 029216 
4 029231 
4 029435 
4 029472 
4 029489 
4 029491 
4 029989 
4 029992 
4 030008 
4 030009 
4 030127 
4 030294 
4 028212 
4 028865 
4 012810 
4 012823 
4 012826 
4 012828 
4 012830 
4 012831 
4 012835 
4 012836 
4 012838 
4 012839 
4 012841 
4 012842 
4 012843 
4 012844 
4 012846 
4 012847 
4 012850 
4 012851 
4 012852 
4 012853 
4 012854 
4 012855 
4 012856 
4 012857 
4 012858 
4 012859 
4 012860 
4 012861 
4 012863 
4 012864 
4 012865 
4 012867 
4 012869 
4 012870 
4 012875 
4 012876 
4 012878 
4 012879 
4 012880 
4 012881 
4 012882 
4 012883 
4 012884 
4 012887 
4 012888 
4 012889 
4 012890 
4 012892 
4 012893 
4 012894 
4 012895 
4 012896 
4 012899 
4 012900 
4 012902 
4 012903 
4 012904 
4 012906 
4 012908 
4 012909 
4 012910 
4 012912 
4 012915 
4 012916 
4 012917 
4 012918 
4 012919 
4 012920 
4 012921 
4 012922 
4 012926 
4 012927 
4 012928 
4 012929 
4 012932 
4 012933 
4 012934 
4 012937 
4 012939 
4 012940 
4 012944 
4 012945 
4 012946 
4 012948 
4 012949 
4 012950 
4 012952 
4 012953 
4 012954 
4 012956 
4 012959 
4 012962 
4 012963 
4 012964 
4 012965 
4 012966 
4 012969 
4 012970 
4 012971 
4 012972 
4 012973 
4 012975 
4 012976 
4 012978 
4 012979 
4 012980 
4 012981 
4 012982 
4 012983 
4 012984 
4 012987 
4 012988 
4 012989 
4 012990 
4 012991 
4 012992 
4 012993 
4 012994 
4 012995 
4 012997 
4 012998 
4 012999 
4 013000 
4 013001 
4 013002 
4 013003 
4 013007 
4 013008 
4 013010 
4 013011 
4 013012 
4 013013 
4 013015 
4 013016 
4 013018 
4 013019 
4 013020 
4 013021 
4 013022 
4 013023 
4 013024 
4 013028 
4 013030 
4 013033 
4 013035 
4 013036 
4 013037 
4 013038 
4 013039 
4 013040 
4 013041 
4 013042 
4 013043 
4 013046 
4 013047 
4 013048 
4 013049 
4 013050 
4 013051 
4 013052 
4 013054 
4 013055 
4 013056 
4 013057 
4 013060 
4 013062 
4 013064 
4 013066 
4 013068 
4 013069 
4 013070 
4 013071 
4 013073 
4 013075 
4 013077 
4 013078 
4 013079 
4 013081 
4 013083 
4 013084 
4 013085 
4 013086 
4 013087 
4 013088 
4 013091 
4 013093 
4 013095 
4 013096 
4 013099 
4 013100 
4 013101 
4 013103 
4 013105 
4 013106 
4 013107 
4 013109 
4 013111 
4 013113 
4 013114 
4 013115 
4 013116 
4 013117 
4 013119 
4 013120 
4 013121 
4 013122 
4 013123 
4 013127 
4 013128 
4 013132 
4 013135 
4 013136 
4 013137 
4 013138 
4 013139 
4 013140 
4 013141 
4 013142 
4 013143 
4 013144 
4 013145 
4 013146 
4 013149 
4 013150 
4 013151 
4 013153 
4 013155 
4 013156 
4 013157 
4 013159 
4 013160 
4 013161 
4 013163 
4 013164 
4 013166 
4 013169 
4 013170 
4 013171 
4 013172 
4 013173 
4 013174 
4 013175 
4 013176 
4 013177 
4 013178 
4 013181 
4 013183 
4 013184 
4 013185 
4 013187 
4 013189 
4 013190 
4 013191 
4 013192 
4 013195 
4 013196 
4 013197 
4 013200 
4 013201 
4 013202 
4 013203 
4 013204 
4 013205 
4 013207 
4 013208 
4 013213 
4 013214 
4 013215 
4 013216 
4 013217 
4 013219 
4 013220 
4 013222 
4 013224 
4 013225 
4 013228 
4 013229 
4 013231 
4 013232 
4 013233 
4 013234 
4 013235 
4 013236 
4 013237 
4 013239 
4 013243 
4 013244 
4 013245 
4 013246 
4 013247 
4 013248 
4 013249 
4 013250 
4 013252 
4 013254 
4 013255 
4 013256 
4 013257 
4 013258 
4 013259 
4 013260 
4 013262 
4 013264 
4 013265 
4 013266 
4 013267 
4 013268 
4 013269 
4 013270 
4 013272 
4 013274 
4 013275 
4 013276 
4 013277 
4 013278 
4 013280 
4 013282 
4 013284 
4 013287 
4 013288 
4 013289 
4 013291 
4 013292 
4 013293 
4 013294 
4 013295 
4 013296 
4 013297 
4 013300 
4 013301 
4 013302 
4 013303 
4 013304 
4 013305 
4 013306 
4 013307 
4 013308 
4 013309 
4 013314 
4 013316 
4 013318 
4 013320 
4 013322 
4 013323 
4 013326 
4 013328 
4 013330 
4 013331 
4 013334 
4 013335 
4 013337 
4 013338 
4 013339 
4 013341 
4 013345 
4 013348 
4 013351 
4 013352 
4 013353 
4 013354 
4 013355 
4 013358 
4 013360 
4 013361 
4 013362 
4 013363 
4 013364 
4 013365 
4 013366 
4 013369 
4 013372 
4 013373 
4 013374 
4 013375 
4 013377 
4 013378 
4 013386 
4 013387 
4 013388 
4 013389 
4 013391 
4 013392 
4 013393 
4 013395 
4 013396 
4 013397 
4 013401 
4 013403 
4 013406 
4 013407 
4 013409 
4 013411 
4 013412 
4 013413 
4 013414 
4 013415 
4 013422 
4 013423 
4 013424 
4 013425 
4 013426 
4 013427 
4 013431 
4 013432 
4 013434 
4 013438 
4 013439 
4 013440 
4 013443 
4 013444 
4 013447 
4 013448 
4 013449 
4 013452 
4 013456 
4 013462 
4 013464 
4 013466 
4 013467 
4 013468 
4 013469 
4 013470 
4 013472 
4 013474 
4 013476 
4 013478 
4 013479 
4 013481 
4 013484 
4 013487 
4 013494 
4 013495 
4 013496 
4 013497 
4 013498 
4 013499 
4 013502 
4 013504 
4 013507 
4 013508 
4 013511 
4 013512 
4 013520 
4 013522 
4 013523 
4 013524 
4 013525 
4 013528 
4 013531 
4 013532 
4 013534 
4 013535 
4 013538 
4 013539 
4 013540 
4 013541 
4 013542 
4 013548 
4 013549 
4 013552 
4 013553 
4 013555 
4 013556 
4 013558 
4 013559 
4 013561 
4 013565 
4 013568 
4 013569 
4 013577 
4 013578 
4 013580 
4 013584 
4 013589 
4 013590 
4 013591 
4 013592 
4 013601 
4 013602 
4 013603 
4 013605 
4 013607 
4 013609 
4 013610 
4 013612 
4 013616 
4 013619 
4 013620 
4 013623 
4 013631 
4 013634 
4 013636 
4 013637 
4 013640 
4 013647 
4 013664 
4 013665 
4 013666 
4 013667 
4 013669 
4 013670 
4 013672 
4 013674 
4 013676 
4 013677 
4 013680 
4 013681 
4 013683 
4 013684 
4 013687 
4 013689 
4 013690 
4 013691 
4 013694 
4 013699 
4 013715 
4 013717 
4 013718 
4 013721 
4 013724 
4 013726 
4 013730 
4 013737 
4 013742 
4 013743 
4 013744 
4 013745 
4 013746 
4 013747 
4 013748 
4 013749 
4 013750 
4 013755 
4 013756 
4 013760 
4 013762 
4 013764 
4 013775 
4 013781 
4 013783 
4 013785 
4 013788 
4 013789 
4 013791 
4 013792 
4 013794 
4 013803 
4 013819 
4 013830 
4 013833 
4 013840 
4 013845 
4 013878 
4 013902 
4 013926 
4 013927 
4 013932 
4 013951 
4 013954 
4 013955 
4 013956 
4 013957 
4 013958 
4 013966 
4 013970 
4 013976 
4 013977 
4 013980 
4 013982 
4 013983 
4 013988 
4 013992 
4 014042 
4 014047 
4 014049 
4 014053 
4 014059 
4 014061 
4 014062 
4 014081 
4 014083 
4 014094 
4 014112 
4 014114 
4 014126 
4 014141 
4 014169 
4 014205 
4 014224 
4 014233 
4 014237 
4 014248 
4 014289 
4 014301 
4 014405 
4 014417 
4 014601 
4 014626 
4 014627 
4 014633 
4 014739 
4 014774 
4 014883 
4 014898 
4 014933 
4 014944 
4 014960 
4 014969 
4 015017 
4 015111 
4 015145 
4 015161 
4 015174 
4 015182 
4 015185 
4 015190 
4 015193 
4 015217 
4 015235 
4 015245 
4 015348 
4 015681 
4 015905 
4 015923 
4 015941 
4 015951 
4 015954 
4 015960 
4 015966 
4 015974 
4 015975 
4 015998 
4 016192 
4 016203 
4 016241 
4 016248 
4 016374 
4 016377 
4 016379 
4 016387 
4 016389 
4 016411 
4 016417 
4 016435 
4 016508 
4 016515 
4 016516 
4 016517 
4 016951 
4 017145 
4 017436 
4 017581 
4 018086 
4 018326 
4 018595 
4 019079 
4 019784 
4 020382 
4 020864 
4 021157 
4 021386 
4 021622 
4 021852 
4 021866 
4 024021 
4 024965 
4 025257 
4 026130 
4 026948 
4 027168 
4 027397 
4 028436 
4 026010 
4 026713 
4 026978 
4 027210 
4 027466 
4 028149 
4 028795 
4 028864 
4 029808 
4 025468 
4 027922 
4 027932 
4 027968 
4 030300 
4 023824 
4 023867 
4 023932 
4 024040 
4 024069 
4 024356 
4 024393 
4 024425 
4 024442 
4 024453 
4 024457 
4 024468 
4 024472 
4 024475 
4 024481 
4 024488 
4 024521 
4 024523 
4 024616 
4 024657 
4 024667 
4 024708 
4 024756 
4 024949 
4 025045 
4 025084 
4 025120 
4 025138 
4 025163 
4 025233 
4 025263 
4 025410 
4 025574 
4 025631 
4 025684 
4 025733 
4 025746 
4 025764 
4 025789 
4 025794 
4 025912 
4 026021 
4 026052 
4 026093 
4 026140 
4 026667 
4 026721 
4 026743 
4 026799 
4 026915 
4 027044 
4 027674 
4 027683 
4 027690 
4 027696 
4 027701 
4 027705 
4 027706 
4 027708 
4 027732 
4 027743 
4 027829 
4 027887 
4 027914 
4 027948 
4 028128 
4 028199 
4 023876 
4 023994 
4 024103 
4 024212 
4 024323 
4 024384 
4 024514 
4 024526 
4 024575 
4 024576 
4 024581 
4 024615 
4 024913 
4 024983 
4 025001 
4 025044 
4 025126 
4 025131 
4 025158 
4 025177 
4 025228 
4 025234 
4 025268 
4 025290 
4 025291 
4 025524 
4 025596 
4 025713 
4 025853 
4 025854 
4 025855 
4 025860 
4 025862 
4 025875 
4 025886 
4 026126 
4 026210 
4 026215 
4 026364 
4 026389 
4 026406 
4 026519 
4 026535 
4 026564 
4 026583 
4 026708 
4 026781 
4 026818 
4 026828 
4 026836 
4 026846 
4 026955 
4 026987 
4 027149 
4 027150 
4 027263 
4 027266 
4 027310 
4 027313 
4 027317 
4 027321 
4 027340 
4 027370 
4 027420 
4 027934 
4 025231 
4 026720 
4 027981 
4 028026 
4 028293 
4 028342 
4 028712 
4 023825 
4 024550 
4 026507 
4 027975 
4 025486 
4 025623 
4 027955 
4 028144 
4 029144 
4 029407 
4 026272 
4 026849 
4 026924 
4 028228 
4 028414 
4 020669 
4 020671 
4 020682 
4 020684 
4 020685 
4 020727 
4 020821 
4 020929 
4 020933 
4 020943 
4 020946 
4 020954 
4 021323 
4 021711 
4 022876 
4 022918 
4 023833 
4 023834 
4 023840 
4 023841 
4 023856 
4 023858 
4 023859 
4 023863 
4 023869 
4 023872 
4 023957 
4 023974 
4 023976 
4 024018 
4 024029 
4 024046 
4 024054 
4 024088 
4 024120 
4 024134 
4 024140 
4 024325 
4 024354 
4 024363 
4 024368 
4 024402 
4 024434 
4 024444 
4 024515 
4 024542 
4 024546 
4 024570 
4 024584 
4 024600 
4 024664 
4 024674 
4 024686 
4 024703 
4 024711 
4 024720 
4 024721 
4 024730 
4 024735 
4 024737 
4 024767 
4 024773 
4 024785 
4 024789 
4 024811 
4 024813 
4 024826 
4 024858 
4 024889 
4 024898 
4 024937 
4 024938 
4 024941 
4 024942 
4 024943 
4 024947 
4 024948 
4 024950 
4 024951 
4 024952 
4 024956 
4 024957 
4 024966 
4 024975 
4 025013 
4 025024 
4 025031 
4 025037 
4 025040 
4 025043 
4 025047 
4 025080 
4 025104 
4 025128 
4 025140 
4 025144 
4 025166 
4 025179 
4 025198 
4 025211 
4 025212 
4 025240 
4 025251 
4 025282 
4 025312 
4 025317 
4 025352 
4 025362 
4 025374 
4 025408 
4 025411 
4 025415 
4 025422 
4 025432 
4 025439 
4 025473 
4 025499 
4 025544 
4 025548 
4 025585 
4 025597 
4 025657 
4 025659 
4 025671 
4 025692 
4 025756 
4 025783 
4 025803 
4 025808 
4 025814 
4 025815 
4 025819 
4 025823 
4 025830 
4 025834 
4 025838 
4 025874 
4 025914 
4 025952 
4 025958 
4 025970 
4 025973 
4 025976 
4 025979 
4 025981 
4 025990 
4 025995 
4 025997 
4 025999 
4 026014 
4 026015 
4 026017 
4 026020 
4 026038 
4 026060 
4 026073 
4 026079 
4 026084 
4 026086 
4 026088 
4 026090 
4 026091 
4 026096 
4 026104 
4 026110 
4 026111 
4 026118 
4 026125 
4 026128 
4 026129 
4 026141 
4 026144 
4 026156 
4 026161 
4 026164 
4 026173 
4 026184 
4 026190 
4 026196 
4 026197 
4 026211 
4 026216 
4 026224 
4 026225 
4 026232 
4 026234 
4 026235 
4 026251 
4 026258 
4 026278 
4 026280 
4 026284 
4 026287 
4 026296 
4 026304 
4 026305 
4 026309 
4 026314 
4 026316 
4 026318 
4 026320 
4 026333 
4 026338 
4 026347 
4 026350 
4 026355 
4 026367 
4 026368 
4 026369 
4 026378 
4 026401 
4 026420 
4 026427 
4 026441 
4 026443 
4 026449 
4 026460 
4 026484 
4 026548 
4 026560 
4 026590 
4 026592 
4 026602 
4 026613 
4 026617 
4 026634 
4 026637 
4 026641 
4 026644 
4 026645 
4 026652 
4 026659 
4 026666 
4 026670 
4 026678 
4 026682 
4 026686 
4 026690 
4 026692 
4 026696 
4 026701 
4 026705 
4 026711 
4 026726 
4 026770 
4 026777 
4 026788 
4 026800 
4 026803 
4 026811 
4 026842 
4 026853 
4 026862 
4 026872 
4 026876 
4 026886 
4 026890 
4 026892 
4 026893 
4 026901 
4 026913 
4 026928 
4 026932 
4 026950 
4 026980 
4 027014 
4 027022 
4 027026 
4 027055 
4 027079 
4 027104 
4 027116 
4 027117 
4 027151 
4 027163 
4 027180 
4 027185 
4 027198 
4 027204 
4 027207 
4 027213 
4 027229 
4 027243 
4 027247 
4 027250 
4 027252 
4 027253 
4 027256 
4 027257 
4 027270 
4 027278 
4 027287 
4 027292 
4 027295 
4 027341 
4 027352 
4 027355 
4 027368 
4 027371 
4 027385 
4 027403 
4 027407 
4 027425 
4 027443 
4 027445 
4 027447 
4 027451 
4 027457 
4 027458 
4 027468 
4 027472 
4 027499 
4 027702 
4 027760 
4 027763 
4 027765 
4 027769 
4 027786 
4 027808 
4 027864 
4 027877 
4 027881 
4 027892 
4 027905 
4 027916 
4 027925 
4 027947 
4 027954 
4 028015 
4 028019 
4 028029 
4 028032 
4 028043 
4 028051 
4 028054 
4 028055 
4 028060 
4 028067 
4 028098 
4 028130 
4 028134 
4 028136 
4 028137 
4 028164 
4 028192 
4 028242 
4 028304 
4 028307 
4 028308 
4 028329 
4 028331 
4 028338 
4 028346 
4 028373 
4 028374 
4 028376 
4 028381 
4 028383 
4 028392 
4 028411 
4 028439 
4 028442 
4 028452 
4 028455 
4 028456 
4 028511 
4 028531 
4 028546 
4 028557 
4 028559 
4 028600 
4 028610 
4 028617 
4 028619 
4 028631 
4 028648 
4 028661 
4 028713 
4 028770 
4 028811 
4 028812 
4 028813 
4 028819 
4 028827 
4 028828 
4 028915 
4 028937 
4 028938 
4 028965 
4 028994 
4 029013 
4 029053 
4 029055 
4 029072 
4 029078 
4 029110 
4 029115 
4 029122 
4 029125 
4 029129 
4 029147 
4 029209 
4 029262 
4 029277 
4 029300 
4 029324 
4 029355 
4 029380 
4 029383 
4 029389 
4 029397 
4 029402 
4 029414 
4 029436 
4 029438 
4 029476 
4 029477 
4 029480 
4 029487 
4 029503 
4 029527 
4 029554 
4 029557 
4 029563 
4 029568 
4 029573 
4 029574 
4 029591 
4 029615 
4 029657 
4 029667 
4 029691 
4 029703 
4 029711 
4 029716 
4 029744 
4 029768 
4 029772 
4 029810 
4 029813 
4 029818 
4 029865 
4 029886 
4 029915 
4 029942 
4 029956 
4 029987 
4 029996 
4 030018 
4 030037 
4 030043 
4 030051 
4 030059 
4 030063 
4 030067 
4 030077 
4 030087 
4 030097 
4 030116 
4 030119 
4 030144 
4 030156 
4 030159 
4 030167 
4 030175 
4 030207 
4 030213 
4 030218 
4 030225 
4 030232 
4 030238 
4 030243 
4 030248 
4 030282 
4 030293 
4 030299 
4 030301 
4 029376 
4 029982 
4 030290 
4 030317 
4 026791 
4 028336 
4 028829 
4 024891 
4 025016 
4 025052 
4 025449 
4 025807 
4 025876 
4 028159 
4 028161 
4 029034 
4 029076 
4 026065 
4 026107 
4 026168 
4 026212 
4 026275 
4 026440 
4 026479 
4 026891 
4 027475 
4 027759 
4 029683 
4 030064 
4 030162 
4 030221 
4 029161 
4 029243 
4 029287 
4 029361 
4 029362 
4 029378 
4 029385 
4 029415 
4 029426 
4 029449 
4 029456 
4 029484 
4 029508 
4 029530 
4 029579 
4 029727 
4 029836 
4 029838 
4 029840 
4 029867 
4 029891 
4 029938 
4 029954 
4 030073 
4 030085 
4 030086 
4 030093 
4 030120 
4 030174 
4 030199 
4 030285 
4 030322 
4 024150 
4 024324 
4 025920 
4 025994 
4 026120 
4 026203 
4 026286 
4 026387 
4 026416 
4 026491 
4 026540 
4 026543 
4 026570 
4 026649 
4 026710 
4 026746 
4 026837 
4 026839 
4 026977 
4 026981 
4 027007 
4 027056 
4 027172 
4 027177 
4 027261 
4 027262 
4 027353 
4 027378 
4 027409 
4 027411 
4 027450 
4 027679 
4 027685 
4 027963 
4 027964 
4 027966 
4 027967 
4 027969 
4 028020 
4 029017 
4 029029 
4 029035 
4 029148 
4 024004 
4 024090 
4 024833 
4 025014 
4 025851 
4 025867 
4 025931 
4 026319 
4 026361 
4 026448 
4 026495 
4 026520 
4 026551 
4 026568 
4 026630 
4 026774 
4 026783 
4 026807 
4 026825 
4 026866 
4 026898 
4 027192 
4 027436 
4 027842 
4 028410 
4 028568 
4 029881 
4 030241 
4 024003 
4 024033 
4 024052 
4 024074 
4 024222 
4 024315 
4 025591 
4 025670 
4 025738 
4 025761 
4 026405 
4 026435 
4 028093 
4 028387 
4 028424 
4 029332 
4 029370 
4 030019 
4 030189 
4 030254 
4 030279 
4 030161 
4 030204 
4 026462 
4 028233 
4 025571 
4 025635 
4 026274 
4 026738 
4 027497 
4 028227 
4 029781 
4 029131 
4 029894 
4 029895 
4 029899 
4 029906 
4 029909 
4 029917 
4 029919 
4 029921 
4 029923 
4 029924 
4 029663 
4 026445 
4 026453 
4 028662 
4 028777 
4 026523 
4 026524 
4 026525 
4 026526 
4 026527 
4 026580 
4 026633 
4 026636 
4 026768 
4 028413 
4 022328 
4 022329 
4 022331 
4 022332 
4 022336 
4 022341 
4 022343 
4 022345 
4 022349 
4 022350 
4 022351 
4 022352 
4 022355 
4 022356 
4 022361 
4 022364 
4 022365 
4 022366 
4 022368 
4 022372 
4 022373 
4 022374 
4 022377 
4 022378 
4 022381 
4 022384 
4 022390 
4 022391 
4 022393 
4 022396 
4 022397 
4 022400 
4 022402 
4 022405 
4 022406 
4 022411 
4 022415 
4 022420 
4 022421 
4 022429 
4 022440 
4 022450 
4 022452 
4 022456 
4 022464 
4 022465 
4 022471 
4 022473 
4 022484 
4 022486 
4 022490 
4 022491 
4 022492 
4 022494 
4 022496 
4 022499 
4 022504 
4 022517 
4 022522 
4 022535 
4 022540 
4 022555 
4 022564 
4 022574 
4 022581 
4 022582 
4 022599 
4 022602 
4 022617 
4 022618 
4 022622 
4 022629 
4 022655 
4 022662 
4 022672 
4 022673 
4 022674 
4 022687 
4 022691 
4 022699 
4 022705 
4 022708 
4 022733 
4 022740 
4 022745 
4 022751 
4 022755 
4 022756 
4 022757 
4 022758 
4 022760 
4 022772 
4 022774 
4 022775 
4 022776 
4 022780 
4 022781 
4 022786 
4 022790 
4 022794 
4 022803 
4 022805 
4 022809 
4 022816 
4 022846 
4 022849 
4 022893 
4 022898 
4 022909 
4 022915 
4 022920 
4 022930 
4 022933 
4 022940 
4 022947 
4 022971 
4 022973 
4 023013 
4 023051 
4 023053 
4 023107 
4 023154 
4 023805 
4 023827 
4 024007 
4 024048 
4 024566 
4 024580 
4 024812 
4 025288 
4 025419 
4 025593 
4 025614 
4 025615 
4 025820 
4 025878 
4 025887 
4 025911 
4 025918 
4 026000 
4 026382 
4 026751 
4 026819 
4 027129 
4 027306 
4 027329 
4 027377 
4 027383 
4 027387 
4 027960 
4 028022 
4 028103 
4 028194 
4 028328 
4 028447 
4 028489 
4 028541 
4 028558 
4 028747 
4 028913 
4 028979 
4 029734 
4 029747 
4 024742 
4 024827 
4 024848 
4 024877 
4 025395 
4 025494 
4 025737 
4 025747 
4 026688 
4 026698 
4 026776 
4 026991 
4 027199 
4 027408 
4 027631 
4 027773 
4 027831 
4 027874 
4 028062 
4 029539 
4 025435 
4 026025 
4 026035 
4 026550 
4 026594 
4 026912 
4 026969 
4 027119 
4 027126 
4 027178 
4 027389 
4 027404 
4 027901 
4 028216 
4 028284 
4 028782 
4 028807 
4 029979 
4 030217 
4 024211 
4 024218 
4 025041 
4 025130 
4 025454 
4 025477 
4 025511 
4 025646 
4 025651 
4 026230 
4 026247 
4 026250 
4 028173 
4 023886 
4 023906 
4 023920 
4 024213 
4 024362 
4 024401 
4 024447 
4 024551 
4 024596 
4 024678 
4 024700 
4 024780 
4 024793 
4 024795 
4 024845 
4 024885 
4 024939 
4 025028 
4 025030 
4 025035 
4 025060 
4 025066 
4 025067 
4 025090 
4 025125 
4 025159 
4 025174 
4 025192 
4 025217 
4 025286 
4 025338 
4 025383 
4 025384 
4 025417 
4 025561 
4 025580 
4 025590 
4 025637 
4 025667 
4 025668 
4 025677 
4 025800 
4 025826 
4 026103 
4 026206 
4 026221 
4 026288 
4 026292 
4 026301 
4 026413 
4 026426 
4 026516 
4 026518 
4 026558 
4 026579 
4 026674 
4 026824 
4 026983 
4 027004 
4 027112 
4 027128 
4 027162 
4 027799 
4 027818 
4 027855 
4 027944 
4 027951 
4 027959 
4 027961 
4 027979 
4 027986 
4 028010 
4 028016 
4 028018 
4 028025 
4 028048 
4 028050 
4 028057 
4 028097 
4 028280 
4 028302 
4 028370 
4 028406 
4 028412 
4 028539 
4 028585 
4 028736 
4 028800 
4 028888 
4 029024 
4 029102 
4 029500 
4 029506 
4 029513 
4 029791 
4 030259 
4 030260 
4 030269 
4 027362 
4 029556 
4 027363 
4 029562 
4 026463 
4 027314 
4 028523 
4 030253 
4 000054 
4 000060 
4 000070 
4 000085 
4 000095 
4 000098 
4 000107 
4 000110 
4 000111 
4 000113 
4 000114 
4 000154 
4 000162 
4 000192 
4 000195 
4 000198 
4 000212 
4 000213 
4 000236 
4 000245 
4 000246 
4 000247 
4 000252 
4 000287 
4 000293 
4 000303 
4 000311 
4 000319 
4 000327 
4 000328 
4 000329 
4 000331 
4 000343 
4 000352 
4 000355 
4 000400 
4 000402 
4 000466 
4 000474 
4 000476 
4 000480 
4 000594 
4 000676 
4 000799 
4 000849 
4 000959 
4 000965 
4 000999 
4 001008 
4 001070 
4 001087 
4 001116 
4 001137 
4 001139 
4 001142 
4 001143 
4 001144 
4 001146 
4 001147 
4 001148 
4 001151 
4 001153 
4 001159 
4 001161 
4 001163 
4 001165 
4 001166 
4 001169 
4 001171 
4 001172 
4 001173 
4 001174 
4 001175 
4 001177 
4 001178 
4 001179 
4 001180 
4 001185 
4 001186 
4 001189 
4 001190 
4 001194 
4 001196 
4 001201 
4 001204 
4 001206 
4 001209 
4 001210 
4 001211 
4 001212 
4 001218 
4 001219 
4 001222 
4 001223 
4 001227 
4 001228 
4 001231 
4 001233 
4 001246 
4 001249 
4 001252 
4 001253 
4 001254 
4 001257 
4 001260 
4 001263 
4 001270 
4 001275 
4 001276 
4 001281 
4 001283 
4 001284 
4 001285 
4 001296 
4 001299 
4 001304 
4 001306 
4 001326 
4 001330 
4 001332 
4 001345 
4 001354 
4 001375 
4 001394 
4 001427 
4 001431 
4 001449 
4 001468 
4 001471 
4 001472 
4 001483 
4 001485 
4 001488 
4 001493 
4 001498 
4 001511 
4 001544 
4 001571 
4 001589 
4 001592 
4 001611 
4 001654 
4 001667 
4 001689 
4 001749 
4 001782 
4 001840 
4 001855 
4 001875 
4 001963 
4 001986 
4 001997 
4 002006 
4 002084 
4 002110 
4 002202 
4 002338 
4 002455 
4 002470 
4 002502 
4 002634 
4 002693 
4 003044 
4 003138 
4 003206 
4 003223 
4 003231 
4 003306 
4 003346 
4 003496 
4 003626 
4 003627 
4 003644 
4 003645 
4 003680 
4 003696 
4 003740 
4 003752 
4 003756 
4 003789 
4 003795 
4 003807 
4 003841 
4 003843 
4 003850 
4 003853 
4 003858 
4 003867 
4 003869 
4 003872 
4 003877 
4 003878 
4 003883 
4 003929 
4 003939 
4 003941 
4 003957 
4 003964 
4 003971 
4 003987 
4 004013 
4 004014 
4 004015 
4 004017 
4 004019 
4 004026 
4 004029 
4 004033 
4 004036 
4 004039 
4 004042 
4 004044 
4 004045 
4 004047 
4 004049 
4 004053 
4 004054 
4 004055 
4 004061 
4 004062 
4 004063 
4 004068 
4 004072 
4 004075 
4 004095 
4 004098 
4 004104 
4 004111 
4 004123 
4 004124 
4 004125 
4 004126 
4 004131 
4 004137 
4 004138 
4 004146 
4 004147 
4 004195 
4 004215 
4 004232 
4 004234 
4 004249 
4 004252 
4 004277 
4 004316 
4 004319 
4 004343 
4 004352 
4 004355 
4 004358 
4 004424 
4 004546 
4 004547 
4 004551 
4 004570 
4 004581 
4 004607 
4 004635 
4 004669 
4 004672 
4 004730 
4 004807 
4 004808 
4 004905 
4 004931 
4 005051 
4 005083 
4 005183 
4 005272 
4 005617 
4 005782 
4 005797 
4 006073 
4 006421 
4 006548 
4 006586 
4 006625 
4 006752 
4 006763 
4 006843 
4 006857 
4 006897 
4 006911 
4 006942 
4 006943 
4 006944 
4 006945 
4 006950 
4 006951 
4 007170 
4 007394 
4 007559 
4 007827 
4 007898 
4 008064 
4 008273 
4 008801 
4 009092 
4 009109 
4 009389 
4 009441 
4 009555 
4 009567 
4 009572 
4 010167 
4 010239 
4 010348 
4 010380 
4 010700 
4 011281 
4 011287 
4 011339 
4 011583 
4 012014 
4 012240 
4 012503 
4 012515 
4 012792 
4 013315 
4 013583 
4 013761 
4 013782 
4 014002 
4 014108 
4 014329 
4 014347 
4 014350 
4 014558 
4 014590 
4 014632 
4 014753 
4 014766 
4 014830 
4 014903 
4 014953 
4 014973 
4 015010 
4 015041 
4 015083 
4 015126 
4 015130 
4 015201 
4 015273 
4 015279 
4 015286 
4 015297 
4 015298 
4 015300 
4 015303 
4 015305 
4 015306 
4 015311 
4 015316 
4 015319 
4 015320 
4 015322 
4 015323 
4 015336 
4 015337 
4 015344 
4 015351 
4 015353 
4 015355 
4 015356 
4 015359 
4 015362 
4 015363 
4 015365 
4 015366 
4 015367 
4 015368 
4 015370 
4 015371 
4 015372 
4 015373 
4 015375 
4 015376 
4 015377 
4 015380 
4 015382 
4 015383 
4 015384 
4 015385 
4 015388 
4 015389 
4 015391 
4 015393 
4 015394 
4 015395 
4 015397 
4 015399 
4 015400 
4 015401 
4 015402 
4 015403 
4 015404 
4 015405 
4 015406 
4 015407 
4 015408 
4 015409 
4 015410 
4 015411 
4 015413 
4 015414 
4 015415 
4 015416 
4 015417 
4 015418 
4 015419 
4 015420 
4 015421 
4 015422 
4 015423 
4 015424 
4 015425 
4 015426 
4 015427 
4 015428 
4 015429 
4 015431 
4 015432 
4 015433 
4 015434 
4 015435 
4 015436 
4 015437 
4 015438 
4 015439 
4 015440 
4 015441 
4 015442 
4 015443 
4 015444 
4 015445 
4 015446 
4 015447 
4 015448 
4 015449 
4 015450 
4 015451 
4 015452 
4 015453 
4 015454 
4 015455 
4 015457 
4 015458 
4 015459 
4 015460 
4 015461 
4 015462 
4 015463 
4 015464 
4 015465 
4 015466 
4 015467 
4 015468 
4 015469 
4 015471 
4 015472 
4 015473 
4 015474 
4 015475 
4 015476 
4 015477 
4 015478 
4 015479 
4 015480 
4 015481 
4 015482 
4 015483 
4 015484 
4 015485 
4 015486 
4 015487 
4 015488 
4 015489 
4 015490 
4 015491 
4 015492 
4 015493 
4 015494 
4 015495 
4 015496 
4 015497 
4 015498 
4 015499 
4 015500 
4 015501 
4 015503 
4 015504 
4 015505 
4 015506 
4 015507 
4 015508 
4 015509 
4 015510 
4 015511 
4 015512 
4 015513 
4 015514 
4 015515 
4 015517 
4 015518 
4 015519 
4 015520 
4 015521 
4 015522 
4 015523 
4 015524 
4 015525 
4 015526 
4 015527 
4 015528 
4 015529 
4 015531 
4 015532 
4 015533 
4 015534 
4 015535 
4 015536 
4 015537 
4 015538 
4 015539 
4 015540 
4 015542 
4 015543 
4 015544 
4 015545 
4 015546 
4 015547 
4 015548 
4 015549 
4 015550 
4 015551 
4 015552 
4 015553 
4 015554 
4 015555 
4 015556 
4 015557 
4 015558 
4 015559 
4 015560 
4 015561 
4 015563 
4 015564 
4 015566 
4 015567 
4 015569 
4 015570 
4 015571 
4 015574 
4 015575 
4 015576 
4 015578 
4 015581 
4 015582 
4 015583 
4 015584 
4 015585 
4 015586 
4 015587 
4 015588 
4 015589 
4 015590 
4 015591 
4 015592 
4 015593 
4 015594 
4 015595 
4 015596 
4 015599 
4 015600 
4 015602 
4 015604 
4 015605 
4 015606 
4 015607 
4 015608 
4 015609 
4 015610 
4 015612 
4 015613 
4 015614 
4 015615 
4 015617 
4 015618 
4 015619 
4 015621 
4 015622 
4 015623 
4 015624 
4 015626 
4 015627 
4 015628 
4 015632 
4 015635 
4 015636 
4 015637 
4 015638 
4 015639 
4 015640 
4 015642 
4 015644 
4 015646 
4 015649 
4 015651 
4 015652 
4 015655 
4 015656 
4 015657 
4 015658 
4 015660 
4 015661 
4 015662 
4 015663 
4 015667 
4 015668 
4 015669 
4 015674 
4 015675 
4 015677 
4 015680 
4 015682 
4 015683 
4 015685 
4 015686 
4 015687 
4 015688 
4 015689 
4 015693 
4 015694 
4 015695 
4 015699 
4 015700 
4 015703 
4 015710 
4 015716 
4 015731 
4 015734 
4 015736 
4 015738 
4 015740 
4 015741 
4 015743 
4 015744 
4 015747 
4 015748 
4 015749 
4 015760 
4 015763 
4 015775 
4 015787 
4 015788 
4 015794 
4 015797 
4 015816 
4 015817 
4 015818 
4 015820 
4 015828 
4 015831 
4 015842 
4 015848 
4 015851 
4 015852 
4 015855 
4 015859 
4 015862 
4 015864 
4 015871 
4 015872 
4 015873 
4 015889 
4 015895 
4 015909 
4 015914 
4 015917 
4 015919 
4 015927 
4 015942 
4 015955 
4 015956 
4 015964 
4 016000 
4 016020 
4 016021 
4 016022 
4 016023 
4 016026 
4 016036 
4 016063 
4 016096 
4 016121 
4 016127 
4 016132 
4 016135 
4 016149 
4 016150 
4 016151 
4 016156 
4 016166 
4 016182 
4 016195 
4 016201 
4 016258 
4 016279 
4 016376 
4 016388 
4 016412 
4 016424 
4 016430 
4 016445 
4 016452 
4 016461 
4 016471 
4 016533 
4 016548 
4 016689 
4 016753 
4 016981 
4 016982 
4 017044 
4 017173 
4 017234 
4 017279 
4 017309 
4 017329 
4 017363 
4 017380 
4 017395 
4 017705 
4 017712 
4 017858 
4 017882 
4 018499 
4 018526 
4 018604 
4 018843 
4 019058 
4 019070 
4 019336 
4 019496 
4 019566 
4 019578 
4 019602 
4 019622 
4 019785 
4 019962 
4 020102 
4 020127 
4 020148 
4 020230 
4 020237 
4 020344 
4 020376 
4 020578 
4 020663 
4 020701 
4 020903 
4 020923 
4 020962 
4 021108 
4 021670 
4 021850 
4 022842 
4 023046 
4 023298 
4 023366 
4 023489 
4 023880 
4 023931 
4 024508 
4 024712 
4 024775 
4 024814 
4 025059 
4 025190 
4 025199 
4 025207 
4 025208 
4 025216 
4 025223 
4 025279 
4 025318 
4 025441 
4 025467 
4 025925 
4 025991 
4 026032 
4 026063 
4 026142 
4 026240 
4 026243 
4 026317 
4 026396 
4 026419 
4 026471 
4 026689 
4 026722 
4 026739 
4 026787 
4 026860 
4 026880 
4 027301 
4 027347 
4 027834 
4 028162 
4 028214 
4 028543 
4 029168 
4 029169 
4 029170 
4 029171 
4 029172 
4 029173 
4 029174 
4 029175 
4 029176 
4 029177 
4 029178 
4 029179 
4 029180 
4 029183 
4 029185 
4 029186 
4 029187 
4 029188 
4 029189 
4 029190 
4 029192 
4 029193 
4 029194 
4 029196 
4 029197 
4 029198 
4 029201 
4 029202 
4 029204 
4 029205 
4 029207 
4 029208 
4 029210 
4 029211 
4 029212 
4 029213 
4 029214 
4 029215 
4 029217 
4 029218 
4 029219 
4 029220 
4 029221 
4 029223 
4 029225 
4 029226 
4 029227 
4 029228 
4 029230 
4 029232 
4 029233 
4 029236 
4 029237 
4 029238 
4 029239 
4 029240 
4 029241 
4 029242 
4 029247 
4 029253 
4 029254 
4 029257 
4 029258 
4 029259 
4 029264 
4 029265 
4 029266 
4 029267 
4 029268 
4 029272 
4 029273 
4 029274 
4 029275 
4 029279 
4 029280 
4 029281 
4 029284 
4 029290 
4 029295 
4 029297 
4 029298 
4 029303 
4 029304 
4 029305 
4 029307 
4 029308 
4 029312 
4 029314 
4 029315 
4 029316 
4 029319 
4 029322 
4 029323 
4 029325 
4 029326 
4 029329 
4 029330 
4 029331 
4 029338 
4 029341 
4 029354 
4 029357 
4 029359 
4 029360 
4 029363 
4 029364 
4 029368 
4 029374 
4 029375 
4 029382 
4 029384 
4 029388 
4 029391 
4 029394 
4 029395 
4 029398 
4 029399 
4 029400 
4 029401 
4 029404 
4 029406 
4 029408 
4 029409 
4 029412 
4 029416 
4 029420 
4 029421 
4 029422 
4 029423 
4 029424 
4 029425 
4 029432 
4 029434 
4 029437 
4 029445 
4 029450 
4 029451 
4 029454 
4 029457 
4 029462 
4 029465 
4 029466 
4 029469 
4 029471 
4 029473 
4 029481 
4 029501 
4 029507 
4 029520 
4 029521 
4 029523 
4 029524 
4 029529 
4 029541 
4 029543 
4 029544 
4 029545 
4 029547 
4 029548 
4 029552 
4 029561 
4 029565 
4 029567 
4 029575 
4 029576 
4 029578 
4 029580 
4 029582 
4 029584 
4 029587 
4 029592 
4 029600 
4 029604 
4 029606 
4 029616 
4 029623 
4 029627 
4 029632 
4 029638 
4 029640 
4 029645 
4 029648 
4 029664 
4 029668 
4 029674 
4 029676 
4 029687 
4 029702 
4 029712 
4 029714 
4 029717 
4 029721 
4 029726 
4 029728 
4 029731 
4 029735 
4 029748 
4 029753 
4 029755 
4 029766 
4 029771 
4 029777 
4 029779 
4 029782 
4 029793 
4 029795 
4 029796 
4 029799 
4 029800 
4 029820 
4 029826 
4 029829 
4 029837 
4 029844 
4 029860 
4 029868 
4 029889 
4 029893 
4 029918 
4 029941 
4 029952 
4 029960 
4 029966 
4 029969 
4 029973 
4 029975 
4 029976 
4 029988 
4 029994 
4 029995 
4 029999 
4 030004 
4 030013 
4 030029 
4 030036 
4 030040 
4 030045 
4 030047 
4 030054 
4 030056 
4 030057 
4 030060 
4 030070 
4 030071 
4 030092 
4 030095 
4 030098 
4 030100 
4 030102 
4 030105 
4 030110 
4 030122 
4 030126 
4 030128 
4 030138 
4 030140 
4 030145 
4 030150 
4 030151 
4 030190 
4 030196 
4 030198 
4 030206 
4 030227 
4 030247 
4 030251 
4 030264 
4 030265 
4 030266 
4 030272 
4 030277 
4 030288 
4 030289 
4 030298 
4 030303 
4 030305 
4 030311 
4 030312 
4 023828 
4 023835 
4 023837 
4 023847 
4 023850 
4 023854 
4 023881 
4 023927 
4 023933 
4 023945 
4 023982 
4 023986 
4 024019 
4 024057 
4 024064 
4 024070 
4 024101 
4 024132 
4 024135 
4 024144 
4 024151 
4 024189 
4 024260 
4 024301 
4 024394 
4 024482 
4 024517 
4 024548 
4 024554 
4 024574 
4 024606 
4 024619 
4 024642 
4 024670 
4 024692 
4 024743 
4 024796 
4 024802 
4 024838 
4 024880 
4 024882 
4 024894 
4 024915 
4 024931 
4 024933 
4 024985 
4 024993 
4 025006 
4 025075 
4 025077 
4 025206 
4 025218 
4 025272 
4 025273 
4 025278 
4 025333 
4 025348 
4 025371 
4 025377 
4 025394 
4 025421 
4 025428 
4 025457 
4 025463 
4 025565 
4 025589 
4 025594 
4 025613 
4 025630 
4 025632 
4 025648 
4 025652 
4 025709 
4 025734 
4 025749 
4 025752 
4 025825 
4 025908 
4 025969 
4 026004 
4 026057 
4 026059 
4 026075 
4 026095 
4 026117 
4 026245 
4 026293 
4 026295 
4 026297 
4 026322 
4 026342 
4 026349 
4 026352 
4 026353 
4 026418 
4 026425 
4 026461 
4 026469 
4 026529 
4 026534 
4 026556 
4 026586 
4 026587 
4 026626 
4 026639 
4 026643 
4 026779 
4 026834 
4 026838 
4 026856 
4 026864 
4 026874 
4 027006 
4 027108 
4 027110 
4 027132 
4 027179 
4 027215 
4 027216 
4 027303 
4 027336 
4 027358 
4 027391 
4 027505 
4 027709 
4 027889 
4 028012 
4 028024 
4 028049 
4 028268 
4 028272 
4 028283 
4 028295 
4 028324 
4 028382 
4 028408 
4 028425 
4 028437 
4 028507 
4 028566 
4 028597 
4 028603 
4 028628 
4 028756 
4 028825 
4 028875 
4 028914 
4 028983 
4 029008 
4 029249 
4 029392 
4 029459 
4 029478 
4 029485 
4 029486 
4 029536 
4 029689 
4 029732 
4 029773 
4 029804 
4 029806 
4 029846 
4 029961 
4 029964 
4 029993 
4 030027 
4 030187 
4 030219 
4 026167 
4 028469 
4 028472 
4 028473 
4 028475 
4 028476 
4 028477 
4 028478 
4 028484 
4 028485 
4 028486 
4 028493 
4 028497 
4 028501 
4 028502 
4 028504 
4 028510 
4 028521 
4 028522 
4 028533 
4 028553 
4 028560 
4 028567 
4 028571 
4 028588 
4 028592 
4 028604 
4 028615 
4 028686 
4 028754 
4 028763 
4 028779 
4 028780 
4 028792 
4 028816 
4 028976 
4 028984 
4 028993 
4 028999 
4 029007 
4 029009 
4 029028 
4 029030 
4 029093 
4 029094 
4 029251 
4 029356 
4 029431 
4 029463 
4 029534 
4 029551 
4 029629 
4 029630 
4 029647 
4 029649 
4 029677 
4 029678 
4 029679 
4 029707 
4 029723 
4 029761 
4 029770 
4 029803 
4 029892 
4 029901 
4 029944 
4 030024 
4 030025 
4 030117 
4 030157 
4 030252 
4 027972 
4 026499 
4 028003 
4 028460 
4 029042 
4 028200 
4 030216 
4 030186 
4 030270 
4 029103 
4 029126 
4 029128 
4 029149 
4 029792 
4 029929 
1792 023913 
1792 025848 
1792 028167 
1792 025962 
1792 026383 
1792 028371 
1792 028396 
1792 023842 
1792 023844 
1792 023857 
1792 024013 
1792 025479 
1792 026183 
1792 026217 
1792 026798 
1792 028783 
1792 029443 
1792 023868 
1792 024100 
1792 024158 
1792 024341 
1792 024385 
1792 024404 
1792 024578 
1792 024587 
1792 024689 
1792 024788 
1792 024815 
1792 024835 
1792 024863 
1792 024878 
1792 024896 
1792 024963 
1792 024974 
1792 025020 
1792 025086 
1792 025119 
1792 025161 
1792 025195 
1792 025209 
1792 025254 
1792 025414 
1792 025639 
1792 025697 
1792 025741 
1792 025799 
1792 026191 
1792 026344 
1792 026348 
1792 026388 
1792 026434 
1792 026447 
1792 026480 
1792 026625 
1792 026648 
1792 026656 
1792 026661 
1792 026665 
1792 026772 
1792 026843 
1792 026868 
1792 026907 
1792 026908 
1792 026931 
1792 026961 
1792 027096 
1792 027099 
1792 027106 
1792 027111 
1792 027113 
1792 027155 
1792 027161 
1792 027208 
1792 027225 
1792 027271 
1792 027279 
1792 027304 
1792 027312 
1792 027343 
1792 027348 
1792 027367 
1792 027427 
1792 027507 
1792 027509 
1792 027510 
1792 027627 
1792 027652 
1792 027711 
1792 027919 
1792 027987 
1792 028036 
1792 028038 
1792 028040 
1792 028063 
1792 028088 
1792 028089 
1792 028090 
1792 028094 
1792 028104 
1792 028118 
1792 028197 
1792 028239 
1792 028453 
1792 028459 
1792 028506 
1792 028520 
1792 028532 
1792 028536 
1792 028659 
1792 028768 
1792 028806 
1792 028902 
1792 028969 
1792 029058 
1792 029336 
1792 029442 
1792 029862 
1792 029928 
1792 029947 
1792 029970 
1792 029997 
1792 030031 
1792 030154 
1792 030197 
1792 030318 
1792 023830 
1792 023908 
1792 024562 
1792 025247 
1792 025313 
1792 025603 
1792 025685 
1792 025829 
1792 025992 
1792 026044 
1792 026066 
1792 026157 
1792 026399 
1792 026437 
1792 026794 
1792 027001 
1792 027171 
1792 027275 
1792 027478 
1792 027659 
1792 027883 
1792 027884 
1792 027885 
1792 027890 
1792 027891 
1792 027896 
1792 027899 
1792 027908 
1792 027953 
1792 028046 
1792 028056 
1792 028107 
1792 028261 
1792 028274 
1792 028294 
1792 028347 
1792 028369 
1792 028375 
1792 028407 
1792 028461 
1792 028462 
1792 028474 
1792 028480 
1792 028518 
1792 028529 
1792 028547 
1792 028607 
1792 028616 
1792 028715 
1792 029581 
1792 029590 
1792 029984 
1792 028939 
1792 028135 
1792 028349 
1792 028653 
1792 028997 
1792 029366 
1792 023923 
1792 024017 
1792 024037 
1792 024112 
1792 024182 
1792 024433 
1792 024760 
1792 024874 
1792 024924 
1792 025560 
1792 025640 
1792 026805 
1792 028021 
1792 029386 
1792 029571 
1792 030099 
1792 029903 
1792 029913 
1792 030149 
1792 030200 
1792 027498 
1792 028120 
1792 030041 
1792 030081 
1792 023809 
1792 023810 
1792 023851 
1792 023861 
1792 023862 
1792 023884 
1792 023903 
1792 023936 
1792 023940 
1792 023968 
1792 023971 
1792 023980 
1792 023992 
1792 023996 
1792 024000 
1792 024015 
1792 024091 
1792 024092 
1792 024187 
1792 024733 
1792 025113 
1792 025157 
1792 025430 
1792 025525 
1792 025532 
1792 025736 
1792 025751 
1792 025786 
1792 025837 
1792 026072 
1792 026465 
1792 026896 
1792 026906 
1792 026956 
1792 027020 
1792 027176 
1792 027990 
1792 028002 
1792 028007 
1792 028179 
1792 028613 
1792 028798 
1792 028831 
1792 029081 
1792 029085 
1792 029138 
1792 029641 
1792 029688 
1792 029775 
1792 030152 
1792 025840 
1792 026039 
1792 026115 
1792 026735 
1792 028108 
1792 029531 
1792 024053 
1792 024228 
1792 024229 
1792 024230 
1792 024231 
1792 024232 
1792 024234 
1792 024235 
1792 024240 
1792 024246 
1792 024259 
1792 024266 
1792 024303 
1792 024410 
1792 024414 
1792 024462 
1792 024478 
1792 024490 
1792 024804 
1792 025029 
1792 025181 
1792 025183 
1792 025184 
1792 025185 
1792 025186 
1792 025300 
1792 025301 
1792 025587 
1792 026810 
1792 027087 
1792 027416 
1792 027484 
1792 027511 
1792 027512 
1792 027513 
1792 027514 
1792 027515 
1792 027516 
1792 027517 
1792 027518 
1792 027519 
1792 027520 
1792 027521 
1792 027522 
1792 027523 
1792 027524 
1792 027525 
1792 027526 
1792 027527 
1792 027528 
1792 027529 
1792 027530 
1792 027531 
1792 027532 
1792 027533 
1792 027534 
1792 027535 
1792 027536 
1792 027537 
1792 027538 
1792 027539 
1792 027540 
1792 027541 
1792 027542 
1792 027543 
1792 027544 
1792 027545 
1792 027546 
1792 027547 
1792 027548 
1792 027549 
1792 027550 
1792 027551 
1792 027552 
1792 027553 
1792 027554 
1792 027555 
1792 027556 
1792 027557 
1792 027558 
1792 027559 
1792 027560 
1792 027561 
1792 027562 
1792 027563 
1792 027564 
1792 027565 
1792 027566 
1792 027567 
1792 027568 
1792 027569 
1792 027570 
1792 027571 
1792 027572 
1792 027573 
1792 027574 
1792 027575 
1792 027576 
1792 027577 
1792 027578 
1792 027579 
1792 027580 
1792 027581 
1792 027582 
1792 027583 
1792 027584 
1792 027585 
1792 027586 
1792 027587 
1792 027588 
1792 027589 
1792 027590 
1792 027591 
1792 027592 
1792 027593 
1792 027594 
1792 027595 
1792 027596 
1792 027597 
1792 027599 
1792 027600 
1792 027601 
1792 027602 
1792 027603 
1792 027604 
1792 027605 
1792 027606 
1792 027607 
1792 027608 
1792 027609 
1792 027611 
1792 027612 
1792 027613 
1792 027614 
1792 027615 
1792 027616 
1792 027617 
1792 027618 
1792 027619 
1792 027620 
1792 027621 
1792 027622 
1792 027623 
1792 027624 
1792 027625 
1792 027626 
1792 027628 
1792 027629 
1792 027630 
1792 027632 
1792 027633 
1792 027635 
1792 027636 
1792 027637 
1792 027638 
1792 027639 
1792 027640 
1792 027641 
1792 027642 
1792 027643 
1792 027644 
1792 027645 
1792 027646 
1792 027648 
1792 027649 
1792 027650 
1792 027651 
1792 027653 
1792 027654 
1792 027656 
1792 027657 
1792 027658 
1792 027660 
1792 027661 
1792 027663 
1792 027664 
1792 027665 
1792 027666 
1792 027667 
1792 027668 
1792 027669 
1792 027670 
1792 027671 
1792 027673 
1792 027675 
1792 027676 
1792 027677 
1792 027678 
1792 027681 
1792 027682 
1792 027684 
1792 027686 
1792 027687 
1792 027689 
1792 027691 
1792 027692 
1792 027693 
1792 027694 
1792 027695 
1792 027697 
1792 027698 
1792 027699 
1792 027700 
1792 027703 
1792 027707 
1792 027710 
1792 027712 
1792 027713 
1792 027714 
1792 027715 
1792 027716 
1792 027717 
1792 027718 
1792 027719 
1792 027721 
1792 027722 
1792 027723 
1792 027724 
1792 027725 
1792 027730 
1792 027731 
1792 027734 
1792 027736 
1792 027737 
1792 027738 
1792 027740 
1792 027741 
1792 027742 
1792 027744 
1792 027746 
1792 027747 
1792 027749 
1792 027750 
1792 027751 
1792 027752 
1792 027753 
1792 027754 
1792 027756 
1792 027757 
1792 027758 
1792 027761 
1792 027762 
1792 027764 
1792 027766 
1792 027767 
1792 027768 
1792 027770 
1792 027772 
1792 027775 
1792 027776 
1792 027777 
1792 027778 
1792 027781 
1792 027782 
1792 027783 
1792 027784 
1792 027785 
1792 027787 
1792 027789 
1792 027791 
1792 027792 
1792 027796 
1792 027800 
1792 027801 
1792 027802 
1792 027805 
1792 027806 
1792 027807 
1792 027810 
1792 027812 
1792 027813 
1792 027814 
1792 027815 
1792 027817 
1792 027820 
1792 027821 
1792 027822 
1792 027823 
1792 027825 
1792 027827 
1792 027828 
1792 027830 
1792 027832 
1792 027835 
1792 027836 
1792 027837 
1792 027839 
1792 027840 
1792 027841 
1792 027848 
1792 027850 
1792 027851 
1792 027853 
1792 027854 
1792 027857 
1792 027858 
1792 027859 
1792 027860 
1792 027862 
1792 027865 
1792 027868 
1792 027870 
1792 027871 
1792 027875 
1792 027876 
1792 027882 
1792 027886 
1792 027893 
1792 027895 
1792 027897 
1792 027900 
1792 027902 
1792 027906 
1792 027907 
1792 027910 
1792 027912 
1792 027915 
1792 027917 
1792 027923 
1792 027927 
1792 027928 
1792 027933 
1792 027936 
1792 027937 
1792 027938 
1792 027940 
1792 027941 
1792 027942 
1792 027943 
1792 027945 
1792 027949 
1792 027950 
1792 027956 
1792 027957 
1792 027962 
1792 027973 
1792 027976 
1792 027978 
1792 027983 
1792 027984 
1792 027988 
1792 027996 
1792 028000 
1792 028001 
1792 028004 
1792 028005 
1792 028011 
1792 028023 
1792 028030 
1792 028034 
1792 028037 
1792 028044 
1792 028047 
1792 028052 
1792 028064 
1792 028068 
1792 028070 
1792 028071 
1792 028072 
1792 028077 
1792 028078 
1792 028082 
1792 028087 
1792 028095 
1792 028096 
1792 028099 
1792 028100 
1792 028102 
1792 028106 
1792 028109 
1792 028110 
1792 028111 
1792 028114 
1792 028115 
1792 028117 
1792 028123 
1792 028124 
1792 028125 
1792 028126 
1792 028127 
1792 028129 
1792 028133 
1792 028138 
1792 028143 
1792 028146 
1792 028150 
1792 028152 
1792 028153 
1792 028154 
1792 028156 
1792 028157 
1792 028160 
1792 028175 
1792 028176 
1792 028177 
1792 028180 
1792 028184 
1792 028196 
1792 028203 
1792 028205 
1792 028207 
1792 028218 
1792 028220 
1792 028223 
1792 028230 
1792 028234 
1792 028269 
1792 028273 
1792 028279 
1792 028297 
1792 028301 
1792 028305 
1792 028312 
1792 028315 
1792 028318 
1792 028319 
1792 028321 
1792 028333 
1792 028341 
1792 028344 
1792 028348 
1792 028351 
1792 028354 
1792 028355 
1792 028356 
1792 028359 
1792 028361 
1792 028372 
1792 028384 
1792 028394 
1792 028395 
1792 028402 
1792 028426 
1792 028434 
1792 028463 
1792 028466 
1792 028470 
1792 028471 
1792 028481 
1792 028488 
1792 028498 
1792 028499 
1792 028503 
1792 028508 
1792 028512 
1792 028519 
1792 028537 
1792 028552 
1792 028556 
1792 028563 
1792 028572 
1792 028574 
1792 028586 
1792 028587 
1792 028589 
1792 028593 
1792 028602 
1792 028606 
1792 028651 
1792 028671 
1792 028675 
1792 028677 
1792 028683 
1792 028693 
1792 028698 
1792 028699 
1792 028701 
1792 028717 
1792 028729 
1792 028732 
1792 028733 
1792 028739 
1792 028740 
1792 028742 
1792 028743 
1792 028760 
1792 028764 
1792 028774 
1792 028796 
1792 028803 
1792 028836 
1792 028837 
1792 028838 
1792 028839 
1792 028840 
1792 028841 
1792 028842 
1792 028843 
1792 028844 
1792 028845 
1792 028846 
1792 028847 
1792 028848 
1792 028849 
1792 028850 
1792 028851 
1792 028852 
1792 028853 
1792 028854 
1792 028856 
1792 028857 
1792 028861 
1792 028862 
1792 028863 
1792 028867 
1792 028868 
1792 028870 
1792 028871 
1792 028872 
1792 028874 
1792 028877 
1792 028878 
1792 028879 
1792 028880 
1792 028881 
1792 028883 
1792 028884 
1792 028885 
1792 028889 
1792 028890 
1792 028891 
1792 028892 
1792 028895 
1792 028896 
1792 028897 
1792 028900 
1792 028901 
1792 028904 
1792 028909 
1792 028912 
1792 028923 
1792 028924 
1792 028925 
1792 028926 
1792 028931 
1792 028932 
1792 028933 
1792 028934 
1792 028936 
1792 028940 
1792 028941 
1792 028942 
1792 028943 
1792 028944 
1792 028946 
1792 028947 
1792 028949 
1792 028950 
1792 028951 
1792 028955 
1792 028956 
1792 028959 
1792 028962 
1792 028963 
1792 028964 
1792 028966 
1792 028970 
1792 028974 
1792 028975 
1792 028978 
1792 028980 
1792 028987 
1792 028989 
1792 028990 
1792 029001 
1792 029004 
1792 029005 
1792 029012 
1792 029014 
1792 029016 
1792 029019 
1792 029022 
1792 029023 
1792 029025 
1792 029026 
1792 029027 
1792 029031 
1792 029032 
1792 029033 
1792 029037 
1792 029038 
1792 029039 
1792 029041 
1792 029043 
1792 029046 
1792 029047 
1792 029049 
1792 029050 
1792 029054 
1792 029057 
1792 029059 
1792 029060 
1792 029061 
1792 029063 
1792 029069 
1792 029070 
1792 029071 
1792 029073 
1792 029075 
1792 029080 
1792 029083 
1792 029084 
1792 029086 
1792 029088 
1792 029090 
1792 029091 
1792 029095 
1792 029096 
1792 029097 
1792 029099 
1792 029104 
1792 029109 
1792 029111 
1792 029112 
1792 029113 
1792 029114 
1792 029116 
1792 029119 
1792 029123 
1792 029124 
1792 029127 
1792 029130 
1792 029133 
1792 029140 
1792 029142 
1792 029143 
1792 029145 
1792 029150 
1792 029152 
1792 029154 
1792 029155 
1792 029156 
1792 029157 
1792 029159 
1792 029160 
1792 029162 
1792 029166 
1792 029181 
1792 029182 
1792 029184 
1792 029191 
1792 029199 
1792 029203 
1792 029206 
1792 029224 
1792 029229 
1792 029234 
1792 029235 
1792 029244 
1792 029245 
1792 029246 
1792 029248 
1792 029250 
1792 029252 
1792 029255 
1792 029256 
1792 029261 
1792 029269 
1792 029270 
1792 029276 
1792 029278 
1792 029282 
1792 029283 
1792 029309 
1792 029310 
1792 029318 
1792 029320 
1792 029321 
1792 029327 
1792 029333 
1792 029334 
1792 029335 
1792 029337 
1792 029349 
1792 029351 
1792 029358 
1792 029372 
1792 029379 
1792 029393 
1792 029417 
1792 029429 
1792 029430 
1792 029440 
1792 029446 
1792 029467 
1792 029470 
1792 029474 
1792 029479 
1792 029482 
1792 029483 
1792 029488 
1792 029494 
1792 029510 
1792 029515 
1792 029518 
1792 029522 
1792 029525 
1792 029533 
1792 029535 
1792 029538 
1792 029542 
1792 029553 
1792 029559 
1792 029560 
1792 029577 
1792 029589 
1792 029594 
1792 029595 
1792 029613 
1792 029626 
1792 029635 
1792 029639 
1792 029665 
1792 029690 
1792 029720 
1792 029737 
1792 029743 
1792 029745 
1792 029746 
1792 029750 
1792 029757 
1792 029758 
1792 029763 
1792 029784 
1792 029785 
1792 029809 
1792 029814 
1792 029816 
1792 029817 
1792 029819 
1792 029843 
1792 029870 
1792 029875 
1792 029876 
1792 029879 
1792 029920 
1792 029934 
1792 029953 
1792 029968 
1792 029972 
1792 030006 
1792 030014 
1792 030015 
1792 030017 
1792 030020 
1792 030034 
1792 030038 
1792 030055 
1792 030058 
1792 030075 
1792 030079 
1792 030088 
1792 030101 
1792 030104 
1792 030107 
1792 030108 
1792 030112 
1792 030113 
1792 030114 
1792 030141 
1792 030146 
1792 030164 
1792 030165 
1792 030181 
1792 030185 
1792 030201 
1792 030208 
1792 030220 
1792 030228 
1792 030281 
1792 030283 
1792 030296 
1792 030306 
1792 030309 
1792 028365 
1792 028390 
1792 026307 
1792 026379 
1792 026424 
1792 026827 
1792 028080 
1792 028785 
1792 025588 
1792 025601 
1792 025641 
1792 025647 
1792 025655 
1792 025687 
1792 025743 
1792 025745 
1792 025763 
1792 025779 
1792 025846 
1792 025928 
1792 026565 
1792 026731 
1792 027918 
1792 028188 
1792 025753 
1792 027980 
1792 028008 
1792 029546 
1792 028981 
1792 028249 
1792 029839 
1792 027924 
1792 028358 
1792 028458 
1792 028643 
1792 025526 
1792 026080 
1792 026422 
1792 026439 
1792 026478 
1792 026675 
1792 026676 
1792 026695 
1792 028186 
1792 028314 
1792 028435 
1792 029900 
1792 028270 
1792 026237 
1792 026407 
1792 026712 
1792 026850 
1792 027798 
1792 028629 
1792 029051 
1792 029767 
1792 029888 
1792 030062 
903 021691 
903 021708 
903 021742 
903 021745 
903 021747 
903 021772 
903 021777 
903 021780 
903 021791 
903 021802 
903 021803 
903 021810 
903 021816 
903 021817 
903 021833 
903 021864 
903 021878 
903 023617 
903 023725 
903 024339 
903 025165 
903 027090 
903 029153 
903 023978 
903 024087 
903 024746 
903 025739 
903 025941 
903 027103 
903 029292 
903 029855 
903 023935 
903 024005 
903 024006 
903 024010 
903 024039 
903 024043 
903 024080 
903 024081 
903 024097 
903 024116 
903 024123 
903 024125 
903 024133 
903 024136 
903 024137 
903 024139 
903 024141 
903 024147 
903 024148 
903 024149 
903 024152 
903 024154 
903 024155 
903 024157 
903 024159 
903 024165 
903 024167 
903 024171 
903 024172 
903 024173 
903 024175 
903 024183 
903 024184 
903 024185 
903 024192 
903 024195 
903 024199 
903 024204 
903 024206 
903 024207 
903 024208 
903 024217 
903 024221 
903 024226 
903 024250 
903 024261 
903 024267 
903 024270 
903 024275 
903 024277 
903 024284 
903 024286 
903 024288 
903 024289 
903 024304 
903 024310 
903 024320 
903 024328 
903 024332 
903 024342 
903 024351 
903 024353 
903 024358 
903 024359 
903 024360 
903 024361 
903 024369 
903 024370 
903 024378 
903 024381 
903 024419 
903 024429 
903 024450 
903 024452 
903 024455 
903 024461 
903 024479 
903 024483 
903 024504 
903 024572 
903 024626 
903 024638 
903 024717 
903 024723 
903 024867 
903 024904 
903 024944 
903 024992 
903 025003 
903 025056 
903 025088 
903 025142 
903 025262 
903 025265 
903 025390 
903 025797 
903 026830 
903 028445 
903 024445 
903 024610 
903 024697 
903 025274 
903 025296 
903 025297 
903 025304 
903 025311 
903 025326 
903 025341 
903 025497 
903 025543 
903 025557 
903 025604 
903 025662 
903 025663 
903 025712 
903 025804 
903 025845 
903 026005 
903 026019 
903 026042 
903 026062 
903 026186 
903 026365 
903 026371 
903 026390 
903 026402 
903 026421 
903 026750 
903 026814 
903 026815 
903 026822 
903 026831 
903 026833 
903 026881 
903 026884 
903 027137 
903 027147 
903 027308 
903 027327 
903 027333 
903 027335 
903 027745 
903 027852 
903 027863 
903 028479 
903 028483 
903 028490 
903 028491 
903 028528 
903 028565 
903 028570 
903 028578 
903 028580 
903 028581 
903 028583 
903 028584 
903 028595 
903 028598 
903 028601 
903 028614 
903 028618 
903 028624 
903 028625 
903 028626 
903 028627 
903 028630 
903 028632 
903 028633 
903 028634 
903 028635 
903 028636 
903 028637 
903 028638 
903 028639 
903 028640 
903 028641 
903 028642 
903 028644 
903 028645 
903 028646 
903 028647 
903 028649 
903 028650 
903 028652 
903 028654 
903 028655 
903 028656 
903 028657 
903 028658 
903 028660 
903 028664 
903 028665 
903 028666 
903 028667 
903 028668 
903 028669 
903 028672 
903 028673 
903 028674 
903 028676 
903 028678 
903 028680 
903 028684 
903 028685 
903 028687 
903 028688 
903 028696 
903 028704 
903 028705 
903 028706 
903 028707 
903 028710 
903 028711 
903 028714 
903 028716 
903 028719 
903 028724 
903 028727 
903 028737 
903 028738 
903 028741 
903 028744 
903 028746 
903 028749 
903 028750 
903 028751 
903 028752 
903 028757 
903 028765 
903 028766 
903 028772 
903 028776 
903 028784 
903 028787 
903 028789 
903 028791 
903 028794 
903 028797 
903 028799 
903 028804 
903 028805 
903 028808 
903 028810 
903 028817 
903 028822 
903 028824 
903 028832 
903 028833 
903 028835 
903 028899 
903 028928 
903 028935 
903 028961 
903 028967 
903 028971 
903 028973 
903 028977 
903 028991 
903 028995 
903 028998 
903 029011 
903 029015 
903 029036 
903 029048 
903 029056 
903 029064 
903 029067 
903 029068 
903 029074 
903 029082 
903 029089 
903 029092 
903 029100 
903 029106 
903 029107 
903 029108 
903 029222 
903 029271 
903 029291 
903 029293 
903 029302 
903 029317 
903 029340 
903 029343 
903 029346 
903 029348 
903 029352 
903 029353 
903 029365 
903 029381 
903 029390 
903 029396 
903 029427 
903 029439 
903 029444 
903 029447 
903 029452 
903 029453 
903 029455 
903 029468 
903 029475 
903 029492 
903 029493 
903 029496 
903 029509 
903 029512 
903 029516 
903 029537 
903 029550 
903 029566 
903 029569 
903 029583 
903 029585 
903 029588 
903 029593 
903 029596 
903 029597 
903 029598 
903 029599 
903 029601 
903 029607 
903 029610 
903 029611 
903 029612 
903 029619 
903 029620 
903 029621 
903 029624 
903 029625 
903 029631 
903 029633 
903 029634 
903 029636 
903 029642 
903 029643 
903 029644 
903 029655 
903 029656 
903 029658 
903 029659 
903 029660 
903 029661 
903 029662 
903 029666 
903 029671 
903 029673 
903 029680 
903 029682 
903 029684 
903 029685 
903 029692 
903 029697 
903 029698 
903 029699 
903 029700 
903 029701 
903 029704 
903 029706 
903 029708 
903 029713 
903 029718 
903 029719 
903 029722 
903 029724 
903 029729 
903 029730 
903 029733 
903 029738 
903 029749 
903 029751 
903 029752 
903 029754 
903 029759 
903 029760 
903 029762 
903 029764 
903 029765 
903 029769 
903 029778 
903 029780 
903 029786 
903 029788 
903 029789 
903 029798 
903 029801 
903 029802 
903 029807 
903 029811 
903 029812 
903 029821 
903 029822 
903 029823 
903 029824 
903 029827 
903 029828 
903 029830 
903 029832 
903 029833 
903 029835 
903 029841 
903 029842 
903 029849 
903 029850 
903 029851 
903 029852 
903 029853 
903 029859 
903 029861 
903 029863 
903 029864 
903 029871 
903 029873 
903 029874 
903 029877 
903 029878 
903 029880 
903 029883 
903 029897 
903 029898 
903 029902 
903 029925 
903 029927 
903 029935 
903 029936 
903 029937 
903 029940 
903 029943 
903 029949 
903 029955 
903 029957 
903 029962 
903 029963 
903 029965 
903 029977 
903 029978 
903 029980 
903 029981 
903 029983 
903 030007 
903 030011 
903 030016 
903 030023 
903 030032 
903 030046 
903 030048 
903 030049 
903 030050 
903 030052 
903 030072 
903 030076 
903 030084 
903 030089 
903 030096 
903 030106 
903 030109 
903 030121 
903 030124 
903 030132 
903 030134 
903 030136 
903 030139 
903 030143 
903 030147 
903 030148 
903 030155 
903 030179 
903 030183 
903 030195 
903 030205 
903 030222 
903 030223 
903 030229 
903 030234 
903 030236 
903 030239 
903 030268 
903 030278 
903 030307 
903 030310 
903 030321 
903 024984 
903 026002 
903 026219 
903 028575 
903 028903 
903 028906 
903 028907 
903 028908 
903 028910 
903 028919 
903 029132 
903 029134 
903 029136 
903 029263 
903 029532 
903 029558 
903 029705 
903 029910 
903 030061 
903 030308 
903 023958 
903 024062 
903 024311 
903 024660 
903 025118 
903 025535 
903 027293 
903 029570 
903 023925 
903 024051 
903 024078 
903 024105 
903 024108 
903 024121 
903 024122 
903 024142 
903 024191 
903 024193 
903 024194 
903 024265 
903 024278 
903 024279 
903 024287 
903 024293 
903 024294 
903 024314 
903 024383 
903 024456 
903 024474 
903 024531 
903 024561 
903 024589 
903 024639 
903 024650 
903 024665 
903 024679 
903 024710 
903 024714 
903 024734 
903 024801 
903 024847 
903 024853 
903 024869 
903 024870 
903 024900 
903 024916 
903 025096 
903 025252 
903 025358 
903 025833 
903 025924 
903 025943 
903 026028 
903 026041 
903 026137 
903 026198 
903 026841 
903 027032 
903 028042 
903 028264 
903 028300 
903 029285 
903 026615 
903 027098 
903 027369 
903 027392 
903 027845 
903 027994 
903 028079 
903 028252 
903 028882 
903 028911 
903 024035 
903 024075 
903 024421 
903 024446 
903 024558 
903 024577 
903 024608 
903 024792 
903 024934 
903 024959 
903 024968 
903 024988 
903 024994 
903 024998 
903 025004 
903 025009 
903 025018 
903 025026 
903 025058 
903 025145 
903 025152 
903 025173 
903 025244 
903 025475 
903 025483 
903 025495 
903 025559 
903 025624 
903 025626 
903 025636 
903 025674 
903 025717 
903 025811 
903 025831 
903 025921 
903 025954 
903 025996 
903 026085 
903 026108 
903 026179 
903 026200 
903 026330 
903 026332 
903 026334 
903 026381 
903 026521 
903 026545 
903 026567 
903 026589 
903 026840 
903 026887 
903 026904 
903 026914 
903 026947 
903 026970 
903 027016 
903 027125 
903 027133 
903 027134 
903 027160 
903 027169 
903 027239 
903 027269 
903 027366 
903 027410 
903 027418 
903 027423 
903 027432 
903 027437 
903 027479 
903 027997 
903 028013 
903 028027 
903 028091 
903 028190 
903 028253 
903 028258 
903 028263 
903 028266 
903 028288 
903 028292 
903 028311 
903 028337 
903 028363 
903 028368 
903 028404 
903 028487 
903 028549 
903 028576 
903 028582 
903 028692 
903 028718 
903 028793 
903 028802 
903 029413 
903 029428 
903 029464 
903 029540 
903 029693 
903 029715 
903 029756 
903 029797 
903 029857 
903 029887 
903 029991 
903 030021 
903 030039 
903 030115 
903 030131 
903 030135 
903 030170 
903 030173 
903 030212 
903 030233 
903 030261 
903 030273 
903 030287 
903 030313 
903 024563 
903 024981 
903 025765 
903 025766 
903 025839 
903 025842 
903 026598 
903 026782 
903 026796 
903 026804 
903 026899 
903 026990 
903 027074 
903 027704 
903 028968 
903 029377 
903 029433 
903 029448 
903 029528 
903 029549 
903 029776 
903 029866 
903 029926 
903 030153 
903 025343 
903 026326 
903 026457 
903 026517 
903 026544 
903 027076 
903 027105 
903 027140 
903 027142 
903 027166 
903 027212 
903 027289 
903 027311 
903 027485 
903 028069 
903 029517 
903 029555 
903 029858 
903 026672 
903 027991 
903 028534 
903 026154 
903 026158 
903 026888 
903 028053 
903 029163 
903 029505 
903 029990 
1665 023332 
1665 023352 
1665 025245 
1665 025351 
1665 025387 
1665 025621 
1665 025843 
1665 025917 
1665 026071 
1665 026089 
1665 026094 
1665 026255 
1665 026362 
1665 026376 
1665 026400 
1665 026467 
1665 026778 
1665 027396 
1665 027483 
1665 028451 
1665 028689 
1665 028893 
1665 028948 
1665 029367 
1665 029783 
1665 029834 
1665 030033 
1665 030245 
1665 026436 
1665 027438 
1665 028183 
1665 023944 
1665 024525 
1665 024529 
1665 024592 
1665 024740 
1665 025729 
1665 025919 
1665 027302 
1665 027359 
1665 029815 
1665 026438 
1665 026488 
1665 026492 
1665 026494 
1665 026496 
1665 026498 
1665 026501 
1665 026508 
1665 026511 
1665 026513 
1665 026514 
1665 026536 
1665 026537 
1665 026559 
1665 026573 
1665 026574 
1665 026591 
1665 026608 
1665 026732 
1665 026741 
1665 026829 
1665 027092 
1665 027144 
1665 027154 
1665 027167 
1665 027187 
1665 027224 
1665 027228 
1665 027255 
1665 027373 
1665 027431 
1665 027816 
1665 028028 
1665 028132 
1665 028247 
1665 028340 
1665 028386 
1665 028399 
1665 028823 
1665 028945 
1665 025936 
1665 025955 
1665 026011 
1665 026106 
1665 026166 
1665 026176 
1665 026177 
1665 026220 
1665 026646 
1665 026679 
1665 026812 
1665 027495 
1665 028420 
1665 030202 
1665 030235 
1665 024630 
1665 025046 
1665 025153 
1665 025284 
1665 025293 
1665 025295 
1665 025299 
1665 025309 
1665 025315 
1665 025321 
1665 025336 
1665 025349 
1665 026403 
1665 026821 
1665 027145 
1665 028213 
1665 028555 
1665 028703 
1665 028918 
1665 029077 
1665 029411 
1665 029499 
1665 029514 
1665 029526 
1665 029602 
1665 029614 
1665 029617 
1665 029618 
1665 029622 
1665 029628 
1665 029646 
1665 029650 
1665 029652 
1665 029654 
1665 029669 
1665 029670 
1665 029672 
1665 029774 
1665 029790 
1665 029845 
1665 029905 
1665 029922 
1665 029939 
1665 029946 
1665 026640 
1665 026716 
1665 026937 
1665 027241 
1665 028353 
1665 028725 
1665 028866 
1665 028930 
1665 028952 
1665 029021 
1665 029121 
1665 029167 
1665 029637 
1665 030188 
1665 030240 
1665 021872 
1665 022848 
1665 024093 
1665 024094 
1665 024099 
1665 024160 
1665 024202 
1665 024300 
1665 024327 
1665 024329 
1665 024403 
1665 024426 
1665 024460 
1665 024818 
1665 025416 
1665 025537 
1665 025541 
1665 025725 
1665 026504 
1665 026528 
1665 028438 
1665 029998 
1665 030022 
1665 030231 
1665 028562 
1665 024476 
1665 024537 
1665 024884 
1665 025065 
1665 025094 
1665 025438 
1665 025731 
1665 026432 
1665 026459 
1665 026620 
1665 026742 
1665 026917 
1665 026929 
1665 026934 
1665 026943 
1665 026996 
1665 027051 
1665 027075 
1665 027197 
1665 027316 
1665 027322 
1665 027467 
1665 027474 
1665 027489 
1665 027844 
1665 027898 
1665 028444 
1665 028454 
1665 028464 
1665 028465 
1665 028468 
1665 028515 
1665 028527 
1665 028544 
1665 028545 
1665 028596 
1665 028695 
1665 028720 
1665 028730 
1665 028753 
1665 028762 
1665 028859 
1665 028860 
1665 028869 
1665 028876 
1665 028953 
1665 028982 
1665 030090 
1665 030319 
1665 026577 
1665 026593 
1665 026793 
1665 026845 
1665 026858 
1665 027299 
1665 028306 
1665 028623 
1665 028031 
1665 028035 
1665 023808 
1665 023832 
1665 023853 
1665 023874 
1665 023875 
1665 023904 
1665 023914 
1665 023922 
1665 023924 
1665 023952 
1665 023953 
1665 023954 
1665 023955 
1665 023967 
1665 023972 
1665 023973 
1665 023975 
1665 023984 
1665 023987 
1665 023990 
1665 023997 
1665 024001 
1665 024008 
1665 024014 
1665 024045 
1665 024047 
1665 024068 
1665 024072 
1665 024079 
1665 024086 
1665 024110 
1665 024117 
1665 024124 
1665 024126 
1665 024129 
1665 024330 
1665 024559 
1665 024582 
1665 024624 
1665 024781 
1665 024831 
1665 024926 
1665 024932 
1665 025032 
1665 025122 
1665 025261 
1665 025388 
1665 025413 
1665 025540 
1665 025545 
1665 025782 
1665 025821 
1665 025844 
1665 026003 
1665 026007 
1665 026018 
1665 026187 
1665 026242 
1665 026269 
1665 026446 
1665 026452 
1665 026455 
1665 026865 
1665 027011 
1665 027194 
1665 027237 
1665 027328 
1665 027375 
1665 027422 
1665 027426 
1665 027428 
1665 027429 
1665 027430 
1665 027856 
1665 027970 
1665 027974 
1665 028014 
1665 028142 
1665 028147 
1665 028151 
1665 028163 
1665 028165 
1665 028166 
1665 028168 
1665 028169 
1665 028405 
1665 028427 
1665 028554 
1665 029120 
1665 029289 
1665 029458 
1665 029854 
1665 029869 
1665 023255 
1665 024205 
1665 026013 
1665 026092 
1665 026809 
1665 027159 
1665 027728 
1665 028538 
1665 024935 
1665 024955 
1665 024969 
1665 024996 
1665 024999 
1665 025005 
1665 025050 
1665 025151 
1665 025405 
1665 025907 
1665 026662 
1665 026683 
1665 026697 
1665 028282 
1665 030005 
1665 029882 
1665 030094 
1665 030129 
808 028409 
808 028561 
1646 029741 
1881 028343 
1903 029794 
1903 029087 
1903 030091 
1903 026918 
1903 026919 
1903 029200 
1903 029959 
2040 030316 
1667 029736 
1667 027206 
1667 027904 
1667 027946 
1667 028690 
1667 028700 
