1 1 
2 1 
3 1 
4 1 
5 1 
6 1 
8 1 
9 1 
10 1 
11 1 
12 1 
14 1 
15 1 
16 1 
17 1 
18 1 
19 1 
20 1 
22 1 
23 1 
24 1 
26 1 
28 5 
30 5 
37 1 
39 1 
40 1 
41 1 
43 1 
44 1 
48 1 
53 5 
55 5 
60 1 
66 1 
69 1 
70 1 
72 1 
74 20 
77 1 
81 1 
89 1 
91 30 
94 1 
95 1 
103 1 
104 30 
106 5 
107 5 
108 30 
112 1 
113 1 
114 1 
116 1 
117 1 
122 1 
125 30 
129 1 
133 1 
136 30 
142 5 
145 5 
146 30 
156 1 
159 1 
160 1 
162 1 
166 1 
167 1 
168 1 
170 1 
171 1 
173 61 
177 61 
178 30 
179 30 
181 30 
187 1 
191 1 
203 1 
206 1 
207 1 
210 1 
211 1 
212 1 
216 1 
217 5 
218 1 
222 30 
224 30 
227 1 
235 20 
238 30 
239 1 
247 1 
248 1 
249 1 
253 1 
254 30 
262 1 
265 1 
267 1 
272 61 
278 30 
285 30 
286 1 
290 107 
292 107 
295 107 
296 1 
298 30 
299 30 
300 107 
303 1 
308 1 
310 115 
311 30 
312 30 
313 1 
315 1 
316 1 
319 107 
329 30 
331 1 
338 61 
339 61 
351 1 
352 30 
353 30 
355 30 
361 1 
363 107 
364 1 
367 30 
368 107 
370 1 
371 1 
372 30 
373 30 
382 30 
385 30 
386 30 
389 107 
390 30 
391 30 
392 30 
393 30 
396 30 
397 30 
398 30 
400 5 
403 30 
404 5 
409 5 
412 5 
413 107 
414 146 
422 1 
424 146 
430 30 
433 1 
439 30 
442 1 
452 1 
468 166 
494 180 
500 1 
506 1 
507 1 
518 180 
553 205 
565 1 
567 1 
579 61 
580 220 
590 5 
591 1 
592 1 
593 1 
602 220 
609 61 
611 61 
629 1 
642 205 
651 1 
657 1 
672 1 
680 1 
683 1 
684 1 
695 205 
696 20 
721 1 
724 295 
728 205 
735 220 
736 205 
753 1 
765 1 
767 1 
768 115 
773 320 
775 320 
778 320 
781 320 
784 205 
815 115 
820 30 
827 115 
830 61 
843 220 
852 353 
887 1 
906 1 
911 30 
924 388 
935 353 
939 1 
940 1 
943 1 
951 397 
956 397 
957 320 
958 320 
961 115 
967 320 
970 320 
980 1 
981 1 
982 1 
985 412 
988 1 
1006 1 
1010 1 
1013 1 
1017 1 
1018 320 
1019 412 
1020 1 
1021 430 
1022 1 
1024 1 
1033 115 
1034 115 
1035 388 
1045 1 
1047 397 
1048 115 
1051 320 
1056 320 
1057 320 
1058 320 
1060 61 
1061 441 
1064 5 
1065 5 
1070 320 
1071 320 
1072 320 
1074 320 
1075 295 
1076 295 
1079 61 
1081 353 
1090 320 
1092 320 
1096 1 
1098 320 
1099 320 
1103 115 
1106 320 
1108 320 
1109 30 
1111 30 
1113 451 
1114 1 
1115 320 
1127 1 
1129 115 
1132 115 
1135 1 
1138 1 
1141 115 
1143 115 
1150 220 
1156 61 
1160 320 
1167 320 
1169 166 
1172 61 
1180 451 
1182 473 
1184 473 
1189 430 
1192 30 
1195 1 
1197 30 
1201 30 
1204 30 
1215 353 
1220 30 
1226 1 
1228 30 
1229 1 
1230 1 
1232 1 
1235 30 
1237 30 
1239 30 
1240 30 
1242 30 
1245 30 
1249 30 
1250 497 
1252 30 
1260 5 
1261 5 
1271 30 
1279 320 
1286 514 
1293 451 
1299 205 
1303 115 
1316 1 
1324 1 
1325 1 
1344 539 
1345 1 
1347 353 
1348 353 
1361 497 
1363 497 
1365 320 
1396 1 
1401 567 
1403 567 
1409 539 
1427 1 
1446 1 
1456 5 
1459 5 
1461 5 
1462 5 
1466 5 
1468 5 
1471 5 
1473 5 
1474 5 
1475 5 
1524 1 
1528 20 
1531 567 
1537 20 
1551 1 
1568 1 
1607 1 
1608 514 
1619 5 
1622 5 
1633 1 
1666 1 
1667 1 
1668 1 
1678 514 
1680 30 
1683 30 
1693 1 
1729 1 
1733 1 
1734 1 
1736 1 
1739 712 
1740 712 
1741 1 
1742 1 
1752 1 
1760 1 
1761 1 
1768 30 
1773 5 
1774 5 
1777 5 
1782 5 
1798 30 
1800 1 
1801 107 
1802 30 
1804 30 
1805 30 
1808 1 
1811 30 
1817 1 
1822 30 
1829 1 
1837 1 
1839 1 
1841 1 
1874 1 
1875 220 
1882 1 
1887 1 
1891 514 
1895 205 
1897 1 
1899 107 
1901 1 
1905 5 
1906 5 
1915 1 
1923 1 
1926 1 
1929 1 
1934 5 
1935 1 
1936 5 
1939 5 
1947 1 
1951 30 
1966 1 
1975 1 
1979 1 
1982 1 
1983 5 
1985 1 
1986 5 
1991 1 
1994 1 
1998 1 
2002 1 
2003 1 
2004 1 
2006 5 
2008 1 
2009 5 
2012 1 
2016 1 
2019 1 
2020 5 
2021 1 
2022 5 
2024 1 
2025 1 
2030 824 
2031 107 
2055 30 
2065 30 
2073 30 
2079 220 
2081 30 
2082 30 
2085 30 
2095 30 
2097 30 
2106 30 
2111 1 
2113 30 
2122 1 
2123 1 
2130 397 
2140 30 
2141 30 
2143 107 
2147 1 
2153 1 
2160 1 
2167 30 
2169 30 
2188 30 
2205 107 
2209 1 
2233 180 
2234 180 
2235 107 
2242 30 
2243 451 
2244 5 
2246 5 
2257 5 
2258 1 
2271 107 
2285 30 
2292 1 
2297 1 
2304 30 
2308 30 
2309 30 
2312 146 
2331 1 
2339 30 
2343 1 
2347 1 
2350 1 
2351 30 
2354 107 
2358 30 
2361 30 
2381 146 
2387 30 
2388 107 
2391 1 
2392 30 
2393 107 
2407 1 
2411 30 
2428 107 
2436 107 
2444 320 
2454 107 
2455 1 
2456 1 
2457 1 
2458 30 
2459 30 
2485 220 
2486 30 
2487 30 
2492 30 
2499 1 
2501 1 
2507 1 
2519 30 
2544 30 
2545 30 
2550 30 
2567 166 
2579 180 
2586 205 
2602 220 
2616 30 
2618 180 
2620 220 
2660 353 
2665 220 
2677 61 
2695 220 
2738 1 
2739 1 
2743 205 
2746 30 
2780 205 
2797 5 
2801 5 
2844 205 
2854 5 
2856 5 
2860 295 
2870 5 
2873 353 
2881 1 
2883 1 
2884 1 
2885 5 
2886 1 
2902 30 
2930 1 
2942 320 
2954 1 
2956 5 
2958 5 
2965 115 
2978 320 
2979 1 
2981 1 
2990 397 
2993 1 
3001 320 
3002 430 
3007 320 
3011 320 
3012 320 
3014 115 
3015 115 
3018 320 
3029 430 
3038 295 
3039 451 
3041 20 
3048 353 
3067 115 
3069 441 
3077 295 
3078 295 
3080 320 
3087 5 
3088 5 
3095 1 
3097 1 
3105 514 
3123 320 
3124 1 
3125 1 
3128 353 
3130 353 
3133 353 
3136 430 
3142 320 
3143 320 
3153 353 
3156 320 
3158 353 
3161 115 
3162 20 
3163 30 
3167 320 
3170 115 
3172 107 
3181 1 
3183 320 
3205 320 
3210 5 
3217 115 
3218 320 
3219 320 
3227 115 
3230 388 
3237 61 
3238 115 
3240 1 
3241 30 
3244 412 
3246 107 
3248 320 
3263 320 
3264 320 
3265 1276 
3266 1 
3269 1276 
3273 1 
3275 5 
3276 412 
3278 5 
3280 5 
3281 5 
3283 320 
3285 320 
3288 5 
3289 5 
3297 1 
3302 5 
3304 320 
3305 320 
3306 320 
3308 5 
3310 5 
3321 205 
3335 430 
3336 430 
3343 1 
3347 473 
3348 473 
3350 30 
3354 166 
3358 514 
3370 497 
3381 514 
3383 320 
3389 320 
3392 115 
3399 115 
3402 115 
3414 20 
3417 353 
3425 514 
3429 5 
3431 5 
3478 1 
3479 30 
3480 5 
3481 5 
3483 30 
3487 1 
3488 497 
3490 115 
3491 497 
3493 497 
3499 1 
3500 497 
3504 497 
3508 115 
3509 115 
3512 1 
3515 497 
3516 497 
3517 497 
3518 1 
3519 497 
3524 115 
3531 5 
3533 30 
3535 1378 
3536 5 
3537 1378 
3545 1 
3550 1 
3553 1 
3556 1 
3565 30 
3583 30 
3590 567 
3592 30 
3633 1 
3634 1 
3666 320 
3672 539 
3689 1 
3740 30 
3766 824 
3768 1 
3772 1 
3775 1 
3776 1 
3777 1 
3782 1 
3787 30 
3796 824 
3800 514 
3836 30 
3840 1480 
3842 30 
3882 30 
3886 30 
3887 514 
3889 514 
3894 514 
3897 320 
3902 30 
3903 30 
3904 30 
3905 30 
3906 1 
3909 712 
3912 712 
3913 30 
3981 1 
4026 1 
4035 20 
4053 30 
4081 5 
4082 30 
4084 5 
4086 5 
4088 5 
4093 30 
4098 20 
4101 205 
4113 1 
4142 1606 
4144 1606 
4156 5 
4157 5 
4158 5 
4159 5 
4181 5 
4184 5 
4185 5 
4187 5 
4188 5 
4191 107 
4196 1 
4201 107 
4202 20 
4222 20 
4249 1653 
4271 30 
4281 1 
4284 30 
4288 107 
4292 1276 
4301 30 
4308 30 
4328 30 
4346 30 
4355 30 
4362 1 
4368 30 
4381 1 
4385 1276 
4395 1 
4411 1718 
4424 353 
4430 1 
4433 30 
4434 1 
4437 30 
4444 30 
4457 30 
4478 1 
4479 5 
4480 5 
4485 5 
4486 5 
4502 107 
4506 30 
4507 180 
4512 1 
4513 30 
4518 30 
4527 5 
4532 5 
4533 1 
4550 824 
4558 30 
4569 1 
4570 180 
4571 180 
4575 107 
4578 107 
4580 30 
4585 30 
4587 30 
4604 1 
4605 1 
4606 30 
4620 30 
4623 1 
4644 1 
4646 30 
4647 30 
4661 30 
4663 30 
4664 20 
4665 30 
4667 107 
4670 107 
4673 1 
4676 30 
4678 20 
4709 1 
4718 30 
4719 30 
4729 107 
4730 30 
4731 30 
4734 30 
4736 1 
4737 30 
4739 30 
4745 30 
4746 30 
4774 166 
4781 180 
4782 205 
4794 1 
4807 1 
4814 146 
4816 20 
4873 1 
4876 1 
4882 20 
4885 353 
4886 20 
4888 20 
4890 20 
4892 107 
4904 61 
4910 61 
4922 220 
4927 20 
4932 20 
4938 353 
4939 5 
4961 1718 
4963 1718 
4967 353 
4968 353 
4971 220 
4975 824 
4985 353 
5030 5 
5043 353 
5094 205 
5134 295 
5144 514 
5145 514 
5146 514 
5184 353 
5187 1 
5196 115 
5198 115 
5199 1 
5200 115 
5207 1 
5220 295 
5227 115 
5237 115 
5248 824 
5249 497 
5265 430 
5273 2043 
5280 1 
5281 1 
5293 353 
5314 115 
5317 115 
5326 5 
5327 5 
5336 1 
5344 115 
5359 115 
5362 115 
5368 115 
5375 115 
5393 2090 
5398 2090 
5401 2090 
5405 1 
5407 397 
5408 320 
5416 5 
5417 5 
5420 2090 
5421 2090 
5431 115 
5441 115 
5444 353 
5452 115 
5463 115 
5466 295 
5468 20 
5470 2090 
5471 2090 
5473 5 
5474 115 
5475 5 
5480 1 
5482 1 
5485 30 
5489 295 
5491 497 
5494 5 
5496 5 
5499 320 
5509 1 
5511 1 
5516 1 
5517 1 
5518 1 
5519 30 
5522 1 
5523 115 
5526 115 
5528 320 
5540 567 
5541 567 
5552 1 
5558 353 
5567 320 
5574 320 
5576 320 
5577 320 
5590 567 
5594 115 
5596 397 
5597 320 
5598 320 
5606 1378 
5610 61 
5615 61 
5617 430 
5621 1 
5624 320 
5626 320 
5627 1 
5630 320 
5632 567 
5639 353 
5642 320 
5647 441 
5651 107 
5656 320 
5658 353 
5660 320 
5664 320 
5666 320 
5675 166 
5680 2043 
5681 320 
5682 61 
5685 320 
5686 61 
5691 1 
5702 320 
5705 205 
5706 205 
5710 20 
5713 320 
5714 320 
5715 5 
5725 567 
5733 320 
5744 320 
5749 412 
5755 353 
5759 451 
5765 451 
5776 2090 
5777 1653 
5780 412 
5783 497 
5788 20 
5789 1 
5794 473 
5797 107 
5798 473 
5802 20 
5808 30 
5834 30 
5851 430 
5859 20 
5860 20 
5867 2043 
5871 388 
5873 30 
5875 320 
5877 1 
5886 1 
5889 497 
5910 497 
5920 497 
5922 497 
5923 567 
5928 497 
5930 497 
5938 2043 
5941 2043 
5944 2043 
5957 115 
5964 353 
5981 20 
5984 1 
5985 320 
5987 1 
5990 1 
5993 1653 
5999 1 
6001 1 
6030 388 
6038 1 
6050 1 
6056 20 
6062 1718 
6065 1 
6075 1480 
6077 1480 
6084 1718 
6091 567 
6099 539 
6104 567 
6107 5 
6108 5 
6119 30 
6134 567 
6172 1 
6222 514 
6225 20 
6228 30 
6231 30 
6260 712 
6262 1 
6263 1 
6264 1 
6267 1 
6280 1653 
6281 567 
6282 1 
6288 567 
6290 567 
6291 712 
6292 1 
6293 824 
6304 20 
6306 712 
6307 1653 
6335 20 
6343 20 
6344 5 
6345 5 
6349 1606 
6352 567 
6354 1 
6408 1 
6414 1 
6424 30 
6432 30 
6442 20 
6443 30 
6444 30 
6446 30 
6447 30 
6448 30 
6491 1 
6500 1 
6541 1 
6542 1 
6556 30 
6568 20 
6570 1 
6573 20 
6574 20 
6584 1 
6599 20 
6620 220 
6627 567 
6629 20 
6634 20 
6669 205 
6673 1 
6692 567 
6698 567 
6715 20 
6718 30 
6735 1 
6749 30 
6762 1 
6768 1 
6769 1 
6787 20 
6802 1 
6817 1 
6832 1 
6836 30 
6841 1378 
6875 1 
6882 514 
6899 20 
6903 320 
6908 1 
6917 30 
6928 2607 
6930 1 
6931 2607 
6938 107 
6946 1 
6947 30 
6954 1 
6955 30 
6956 30 
6958 30 
6960 30 
6961 30 
6964 30 
6973 1 
6978 30 
6983 30 
6991 20 
7006 30 
7018 30 
7041 30 
7044 1 
7049 30 
7050 30 
7051 180 
7053 180 
7063 1 
7065 180 
7070 107 
7075 107 
7085 30 
7089 30 
7092 30 
7095 30 
7097 30 
7120 20 
7127 1276 
7128 1 
7137 1276 
7142 180 
7161 1 
7162 1 
7174 30 
7175 30 
7189 2607 
7190 2607 
7197 2674 
7203 30 
7207 30 
7208 30 
7215 20 
7217 30 
7218 30 
7230 1 
7234 30 
7236 20 
7245 107 
7250 20 
7251 30 
7271 30 
7288 1 
7291 1 
7301 30 
7313 1 
7317 20 
7322 20 
7327 1 
7332 1 
7337 1 
7360 20 
7362 30 
7363 1 
7364 1 
7365 1 
7370 30 
7375 107 
7383 61 
7406 30 
7410 20 
7430 1 
7432 30 
7433 107 
7442 2752 
7444 30 
7445 30 
7452 107 
7454 107 
7460 2752 
7479 1 
7485 2771 
7495 107 
7499 30 
7502 30 
7508 1 
7509 30 
7511 20 
7512 1 
7517 1 
7523 20 
7537 107 
7544 107 
7552 1 
7553 1 
7554 107 
7556 1 
7557 1 
7560 30 
7563 30 
7565 20 
7568 146 
7596 20 
7600 20 
7603 20 
7604 20 
7606 20 
7607 20 
7613 2804 
7614 1 
7616 20 
7629 1 
7631 1 
7632 824 
7637 30 
7647 1 
7649 1653 
7650 30 
7659 1 
7661 146 
7662 1 
7663 2607 
7665 1653 
7667 2607 
7668 30 
7670 30 
7671 30 
7679 30 
7684 1 
7687 30 
7691 1 
7692 20 
7694 20 
7695 20 
7697 30 
7699 20 
7704 20 
7706 30 
7707 30 
7717 166 
7718 30 
7719 30 
7720 30 
7724 30 
7729 353 
7734 1378 
7738 430 
7743 30 
7746 353 
7768 824 
7771 30 
7772 30 
7775 30 
7780 30 
7781 20 
7799 205 
7807 61 
7823 1 
7824 2856 
7828 20 
7833 2856 
7843 2863 
7847 1 
7868 220 
7878 20 
7888 2804 
7932 20 
7945 353 
7956 1 
7975 320 
7984 320 
7987 2892 
7992 220 
8000 1 
8001 1 
8015 20 
8016 20 
8018 220 
8022 1 
8032 2903 
8074 20 
8106 2804 
8119 1 
8123 20 
8124 20 
8128 1 
8129 1 
8130 20 
8141 1 
8157 1 
8170 2892 
8179 1378 
8192 353 
8193 353 
8205 824 
8206 20 
8208 205 
8215 824 
8217 30 
8219 397 
8220 320 
8222 824 
8224 824 
8232 2936 
8233 20 
8236 2936 
8238 2936 
8239 2936 
8244 2607 
8246 353 
8247 353 
8252 20 
8253 2607 
8258 295 
8265 20 
8272 20 
8274 20 
8276 20 
8281 514 
8283 514 
8296 1 
8300 115 
8315 2980 
8323 1 
8324 441 
8325 2980 
8327 1 
8340 205 
8343 20 
8345 30 
8352 115 
8354 107 
8355 320 
8358 20 
8365 397 
8366 320 
8368 320 
8369 320 
8371 1 
8379 61 
8385 61 
8387 61 
8391 20 
8392 61 
8403 320 
8406 514 
8408 514 
8418 353 
8426 115 
8457 514 
8463 430 
8473 353 
8479 3038 
8481 3038 
8489 451 
8492 20 
8494 320 
8499 20 
8501 20 
8502 3046 
8503 1378 
8514 3051 
8515 1 
8516 1 
8517 3052 
8518 20 
8520 3053 
8524 20 
8527 20 
8538 320 
8539 320 
8540 3053 
8541 320 
8547 1 
8548 2607 
8549 20 
8550 2607 
8552 320 
8556 3065 
8559 2674 
8562 30 
8564 320 
8567 320 
8568 514 
8569 514 
8570 320 
8575 115 
8576 1378 
8584 20 
8585 320 
8586 320 
8587 320 
8588 320 
8591 2090 
8593 412 
8594 320 
8595 20 
8596 20 
8599 2090 
8602 3081 
8603 3052 
8605 3081 
8608 430 
8609 2090 
8610 430 
8611 2090 
8615 20 
8616 20 
8619 412 
8622 295 
8623 61 
8624 295 
8625 61 
8628 441 
8629 2090 
8630 20 
8631 2090 
8632 441 
8634 320 
8636 1 
8637 1 
8638 353 
8639 353 
8640 220 
8642 353 
8643 30 
8645 3081 
8646 20 
8648 30 
8649 30 
8652 353 
8654 2043 
8656 20 
8665 320 
8667 20 
8668 473 
8669 473 
8670 20 
8671 20 
8675 514 
8683 2043 
8686 3038 
8687 20 
8688 20 
8690 3038 
8692 320 
8693 2043 
8694 1 
8695 30 
8697 20 
8698 20 
8699 3081 
8700 20 
8704 20 
8706 20 
8710 451 
8711 20 
8715 20 
8717 2674 
8721 3111 
8722 1 
8725 3111 
8727 2043 
8728 20 
8731 20 
8732 3111 
8733 20 
8735 1 
8738 3111 
8740 20 
8742 2674 
8743 166 
8744 1 
8745 3111 
8746 3051 
8748 20 
8749 3111 
8750 2674 
8751 3111 
8757 20 
8758 3051 
8760 3051 
8764 1378 
8769 115 
8770 115 
8779 20 
8780 497 
8782 497 
8783 1378 
8784 205 
8798 3133 
8800 3135 
8804 567 
8806 1 
8809 567 
8810 20 
8823 1276 
8827 30 
8831 30 
8832 3146 
8834 3146 
8835 115 
8836 115 
8837 20 
8838 115 
8840 115 
8843 20 
8849 1718 
8852 115 
8855 115 
8856 115 
8857 115 
8858 20 
8859 320 
8860 320 
8862 30 
8866 2607 
8868 2607 
8870 30 
8872 2043 
8873 2043 
8876 430 
8878 2892 
8883 320 
8884 2892 
8885 1 
8886 1 
8887 1378 
8888 1378 
8889 1378 
8891 2607 
8894 1480 
8898 388 
8899 497 
8901 1 
8902 497 
8905 115 
8907 2607 
8912 1 
8913 3168 
8914 3169 
8918 3168 
8919 3169 
8923 539 
8924 539 
8927 388 
8928 353 
8929 1718 
8931 30 
8933 320 
8940 20 
8946 1378 
8951 20 
8953 1378 
8967 567 
8971 20 
8978 1 
8979 1 
8981 1 
8983 30 
8984 353 
8991 30 
8992 30 
8998 2903 
9007 2607 
9009 2607 
9014 567 
9015 107 
9027 2607 
9028 1 
9029 712 
9030 2607 
9031 30 
9035 2607 
9038 2607 
9043 30 
9044 20 
9046 20 
9048 3218 
9082 30 
9083 1606 
9091 1606 
9097 1 
9098 2607 
9100 3218 
9115 2607 
9118 30 
9119 567 
9124 1378 
9132 30 
9134 1 
9136 567 
9139 20 
9140 2607 
9141 2607 
9143 2607 
9146 3259 
9150 5 
9151 1 
9156 1 
9160 20 
9162 2607 
9163 2607 
9170 441 
9172 20 
9174 20 
9178 20 
9187 5 
9189 1378 
9193 1378 
9194 20 
9196 2607 
9199 2607 
9200 1378 
9201 30 
9209 1 
9210 2607 
9212 2607 
9216 2607 
9218 2607 
9219 2607 
9220 20 
9222 20 
9224 20 
9225 20 
9227 2607 
9235 3290 
9236 1378 
9243 205 
9245 824 
9246 3290 
9259 1 
9263 20 
9265 1 
9271 20 
9282 30 
9283 20 
9285 30 
9287 30 
9288 30 
9297 107 
9329 107 
9331 107 
9337 2892 
9338 180 
9339 180 
9340 1 
9341 30 
9343 30 
9344 397 
9346 353 
9348 30 
9352 3259 
9353 5 
9355 1 
9375 30 
9378 824 
9379 1 
9381 1 
9382 5 
9383 5 
9385 30 
9388 30 
9391 1 
9394 1 
9397 1276 
9399 30 
9401 20 
9406 20 
9410 1 
9411 30 
9413 30 
9426 1 
9433 30 
9436 1 
9437 30 
9439 1378 
9441 20 
9442 1378 
9443 1378 
9449 567 
9452 180 
9454 1 
9455 1 
9469 3387 
9471 180 
9481 107 
9484 2863 
9493 107 
9494 30 
9497 1 
9498 1 
9501 5 
9502 5 
9503 1 
9506 2771 
9511 2752 
9512 2752 
9524 1 
9528 1 
9529 1 
9533 107 
9544 107 
9547 107 
9548 107 
9557 1 
9558 1 
9560 30 
9567 30 
9569 2043 
9571 20 
9572 30 
9573 107 
9577 30 
9578 3052 
9582 30 
9584 146 
9590 146 
9597 20 
9599 2856 
9603 30 
9604 2856 
9607 30 
9611 1 
9614 30 
9615 1 
9622 30 
9626 1718 
9631 30 
9633 166 
9634 1378 
9638 20 
9639 30 
9643 30 
9646 30 
9647 30 
9650 30 
9652 30 
9653 3218 
9654 30 
9656 3218 
9658 2903 
9659 3218 
9671 473 
9672 1378 
9673 473 
9692 205 
9696 5 
9697 205 
9699 3459 
9700 220 
9705 3052 
9713 3052 
9716 20 
9719 1653 
9720 1378 
9725 1653 
9727 1378 
9728 3471 
9729 1378 
9730 61 
9732 3218 
9734 61 
9735 1378 
9741 1378 
9743 1378 
9745 1378 
9750 1378 
9754 1378 
9755 220 
9758 3477 
9764 220 
9772 2804 
9773 3218 
9774 3218 
9786 2892 
9787 2903 
9791 2804 
9797 2936 
9804 205 
9810 320 
9811 320 
9818 3218 
9821 3218 
9826 3471 
9828 2936 
9833 2936 
9834 2936 
9838 1378 
9845 205 
9852 20 
9870 3459 
9874 514 
9877 3527 
9878 3527 
9885 514 
9906 2980 
9907 2980 
9914 539 
9919 20 
9929 205 
9930 320 
9943 2090 
9949 20 
9951 20 
9954 3459 
9960 20 
9962 320 
9963 320 
9966 20 
9969 320 
9971 320 
9973 3046 
9975 320 
9982 115 
9983 115 
9984 3046 
9985 3577 
9987 20 
9993 2043 
9995 115 
10001 320 
10002 320 
10004 3583 
10005 2090 
10007 397 
10008 320 
10009 320 
10010 320 
10015 115 
10017 20 
10019 30 
10021 2043 
10024 20 
10025 2043 
10030 20 
10033 3053 
10034 3053 
10038 115 
10039 3590 
10040 20 
10041 20 
10043 115 
10050 3596 
10054 115 
10055 3598 
10058 20 
10068 20 
10070 20 
10073 2607 
10075 2607 
10076 3603 
10086 20 
10088 115 
10091 115 
10092 2090 
10095 115 
10098 115 
10099 20 
10100 2090 
10103 320 
10104 3038 
10106 3038 
10107 3598 
10108 412 
10110 3598 
10111 320 
10112 320 
10113 3598 
10114 320 
10115 320 
10117 3614 
10123 3598 
10124 3065 
10127 20 
10130 3168 
10131 3168 
10133 295 
10134 3598 
10135 295 
10141 514 
10145 451 
10147 320 
10150 3111 
10152 514 
10154 3111 
10157 3111 
10158 441 
10159 567 
10160 441 
10161 567 
10162 3111 
10167 3632 
10169 320 
10170 20 
10171 2090 
10172 2090 
10173 412 
10174 320 
10175 1 
10176 20 
10182 115 
10183 61 
10188 320 
10189 61 
10191 61 
10195 61 
10197 320 
10198 3583 
10200 388 
10201 320 
10202 3638 
10203 61 
10204 115 
10205 320 
10207 3583 
10210 115 
10211 320 
10212 388 
10215 353 
10216 115 
10217 115 
10220 539 
10221 2674 
10222 320 
10223 2674 
10224 2674 
10226 2674 
10227 320 
10233 3577 
10240 3583 
10243 320 
10244 166 
10248 3598 
10251 3598 
10253 1 
10256 1 
10257 30 
10259 320 
10263 30 
10264 61 
10265 320 
10267 3598 
10270 320 
10271 320 
10273 20 
10274 61 
10277 3038 
10282 30 
10285 3038 
10287 451 
10288 61 
10289 320 
10292 30 
10293 320 
10295 473 
10297 473 
10298 30 
10299 2043 
10300 2043 
10301 3051 
10302 3638 
10306 1378 
10307 3051 
10309 320 
10314 514 
10316 30 
10318 30 
10321 514 
10324 20 
10327 30 
10328 3135 
10330 1 
10334 3081 
10336 3665 
10337 20 
10338 3598 
10340 3081 
10343 2090 
10351 1 
10353 3638 
10357 1 
10360 2607 
10368 3133 
10374 2607 
10375 3598 
10382 205 
10384 205 
10395 3683 
10397 3603 
10398 5 
10401 5 
10402 497 
10407 2090 
10408 2090 
10411 497 
10417 497 
10430 3683 
10435 30 
10437 3603 
10446 514 
10455 3290 
10461 3598 
10465 3598 
10468 3706 
10470 1378 
10474 1 
10476 3708 
10477 115 
10497 353 
10504 497 
10506 497 
10507 3052 
10514 497 
10517 3146 
10524 3146 
10530 115 
10531 1 
10532 353 
10533 3051 
10534 353 
10535 3051 
10539 20 
10543 2892 
10545 20 
10557 2892 
10559 5 
10560 5 
10564 2607 
10572 1 
10577 107 
10578 107 
10583 1 
10596 3598 
10597 3598 
10601 514 
10603 3218 
10610 3477 
10625 30 
10633 30 
10638 30 
10647 1606 
10652 3765 
10653 1653 
10654 30 
10655 30 
10658 3767 
10659 3767 
10662 3218 
10665 3769 
10667 712 
10671 3052 
10678 712 
10681 3598 
10683 3598 
10686 514 
10687 514 
10695 1 
10696 3471 
10715 3052 
10724 3598 
10725 3598 
10726 3796 
10732 3169 
10735 3169 
10736 3801 
10740 1378 
10748 514 
10749 20 
10750 1378 
10755 3801 
10760 1606 
10768 30 
10775 20 
10776 30 
10777 514 
10782 3820 
10785 20 
10788 3706 
10796 20 
10798 20 
10805 3831 
10808 1 
10811 1 
10814 3052 
10816 205 
10820 5 
10823 3052 
10828 5 
10832 5 
10838 5 
10849 20 
10852 1480 
10856 1480 
10863 20 
10864 1 
10865 1 
10866 1378 
10867 1 
10869 1378 
10871 1718 
10873 1 
10876 20 
10885 3858 
10886 20 
10890 3831 
10895 30 
10896 1 
10900 1 
10902 1 
10903 1 
10907 1 
10908 3218 
10911 3869 
10917 5 
10918 5 
10928 205 
10929 3598 
10930 20 
10931 3598 
10933 30 
10940 20 
10942 30 
10943 30 
10945 3882 
10947 146 
10948 3820 
10955 3598 
10958 3888 
10963 30 
10968 3598 
10976 107 
10978 1 
10980 107 
10990 30 
10995 1 
11002 30 
11005 1 
11011 30 
11014 3052 
11018 30 
11019 3831 
11024 30 
11026 1 
11027 3912 
11037 3052 
11038 3477 
11043 1 
11045 3922 
11051 20 
11053 30 
11056 20 
11063 30 
11065 30 
11069 30 
11073 30 
11075 5 
11076 1 
11077 5 
11082 30 
11083 1 
11091 3858 
11093 1 
11101 107 
11102 30 
11114 3796 
11115 3858 
11116 5 
11117 5 
11118 1 
11121 30 
11122 3922 
11123 1378 
11124 30 
11126 3614 
11128 1378 
11132 30 
11133 1 
11134 824 
11135 3614 
11136 430 
11140 3956 
11142 107 
11148 1 
11150 1 
11155 3963 
11156 3963 
11158 30 
11163 107 
11165 1378 
11167 3706 
11169 30 
11173 2752 
11175 20 
11184 20 
11185 20 
11188 3290 
11193 3980 
11199 1 
11201 30 
11203 1 
11204 2752 
11210 30 
11211 30 
11212 2771 
11219 5 
11225 30 
11231 3993 
11233 5 
11234 20 
11236 30 
11238 30 
11241 30 
11243 1 
11245 107 
11247 1 
11249 146 
11250 5 
11251 5 
11253 107 
11256 30 
11259 1 
11261 1 
11262 5 
11263 5 
11265 4002 
11266 3053 
11267 3993 
11268 30 
11269 107 
11271 30 
11272 3869 
11274 30 
11275 2856 
11276 4003 
11277 30 
11278 30 
11279 3993 
11282 30 
11283 30 
11284 30 
11285 4003 
11286 30 
11287 20 
11290 2752 
11291 1 
11293 2752 
11300 30 
11301 30 
11302 30 
11303 30 
11305 30 
11308 3290 
11311 30 
11316 30 
11319 30 
11320 3869 
11321 30 
11322 20 
11324 3765 
11325 1653 
11326 3869 
11327 30 
11335 3869 
11337 4024 
11344 4028 
11346 4028 
11352 4029 
11353 1 
11354 567 
11355 1 
11358 30 
11363 3820 
11364 3820 
11368 166 
11369 180 
11371 4034 
11377 1 
11380 4039 
11386 20 
11394 4039 
11407 1 
11413 4024 
11421 4059 
11426 1 
11429 3598 
11430 3598 
11431 1 
11433 1 
11444 180 
11447 4066 
11455 205 
11459 220 
11461 1 
11463 1 
11470 3831 
11471 3583 
11473 2892 
11474 4072 
11475 4072 
11476 4072 
11477 4072 
11478 4072 
11479 353 
11484 2892 
11487 4076 
11489 1378 
11490 1 
11495 3820 
11501 3888 
11505 4078 
11506 4078 
11507 824 
11516 2607 
11518 3858 
11519 3858 
11520 2607 
11521 2863 
11524 824 
11527 220 
11533 2936 
11538 205 
11540 1 
11541 3052 
11542 2936 
11552 2804 
11553 2804 
11554 353 
11555 353 
11557 4100 
11558 824 
11571 2804 
11572 2804 
11583 1378 
11584 205 
11611 4028 
11613 3471 
11614 3471 
11615 295 
11616 4132 
11619 3858 
11623 3858 
11631 4142 
11632 4143 
11633 3259 
11634 3259 
11636 4024 
11640 3038 
11646 2980 
11647 3922 
11648 3922 
11650 3831 
11657 2980 
11659 320 
11663 3038 
11665 320 
11667 115 
11669 115 
11672 388 
11673 3038 
11678 3459 
11680 3956 
11682 20 
11684 4163 
11685 4163 
11689 5 
11690 5 
11691 5 
11692 5 
11693 3820 
11694 3820 
11701 4170 
11702 824 
11703 2090 
11706 1378 
11709 115 
11710 1 
11711 3603 
11712 205 
11713 4173 
11714 4174 
11722 20 
11726 20 
11731 3046 
11737 3831 
11742 20 
11749 1 
11750 1 
11754 3831 
11756 3831 
11761 115 
11763 3065 
11768 1606 
11772 4203 
11773 4203 
11775 3831 
11777 115 
11792 3065 
11793 3046 
11795 1 
11798 61 
11803 3831 
11807 2043 
11810 3590 
11813 3111 
11816 3111 
11819 3111 
11821 115 
11825 3111 
11826 3111 
11827 3796 
11828 320 
11829 3111 
11830 3111 
11831 3111 
11834 115 
11837 3858 
11840 115 
11843 3596 
11846 824 
11848 1 
11849 1 
11850 3820 
11851 3820 
11857 3053 
11863 1 
11865 3053 
11866 320 
11868 320 
11873 4240 
11876 353 
11877 320 
11879 430 
11880 320 
11881 320 
11883 20 
11884 3603 
11889 3638 
11893 61 
11896 2090 
11897 2090 
11898 3638 
11899 2752 
11901 430 
11903 3052 
11905 1 
11907 3638 
11908 3831 
11910 3038 
11913 3922 
11914 353 
11915 4173 
11916 4251 
11917 1606 
11919 4251 
11920 4251 
11922 115 
11923 3831 
11924 1 
11926 3583 
11927 4251 
11929 4251 
11930 2607 
11931 4251 
11932 3052 
11933 3052 
11934 4251 
11937 3638 
11938 4251 
11940 3168 
11941 3831 
11943 3796 
11945 3831 
11946 4251 
11947 3169 
11948 4251 
11949 3169 
11954 3168 
11955 3796 
11957 3796 
11964 397 
11965 320 
11966 61 
11969 4261 
11971 3801 
11974 115 
11975 115 
11977 115 
11979 2607 
11980 824 
11984 397 
11988 320 
11989 320 
11990 2090 
11991 320 
11993 320 
11994 353 
11995 320 
11997 320 
12001 3387 
12003 2674 
12015 3583 
12016 5 
12017 5 
12019 3583 
12023 320 
12024 320 
12025 30 
12027 3638 
12028 115 
12030 320 
12033 3133 
12035 353 
12037 353 
12041 320 
12047 4287 
12048 1276 
12050 3820 
12054 1276 
12058 353 
12061 220 
12063 353 
12064 30 
12066 3038 
12067 514 
12069 3038 
12072 824 
12076 824 
12077 539 
12078 61 
12080 3038 
12081 451 
12082 2090 
12083 61 
12093 441 
12096 1 
12098 3527 
12100 473 
12101 3638 
12102 473 
12103 320 
12104 4306 
12105 320 
12107 1 
12109 115 
12113 115 
12114 1 
12115 115 
12117 115 
12118 1 
12121 115 
12122 166 
12123 451 
12124 2674 
12125 115 
12128 20 
12129 30 
12130 115 
12131 115 
12132 30 
12136 430 
12137 2674 
12138 388 
12139 412 
12140 4314 
12141 353 
12142 412 
12144 2674 
12148 20 
12149 295 
12150 295 
12158 3820 
12160 3820 
12164 3820 
12166 4143 
12169 3820 
12172 4324 
12175 4326 
12177 3081 
12182 1 
12186 20 
12189 4332 
12190 4332 
12192 2043 
12193 1 
12196 4335 
12198 2043 
12201 1 
12205 115 
12209 497 
12210 3796 
12214 4335 
12215 4342 
12219 2043 
12221 2043 
12226 205 
12228 497 
12231 497 
12236 2903 
12238 497 
12242 353 
12249 115 
12252 2903 
12259 3146 
12265 497 
12268 3912 
12271 497 
12279 4369 
12291 3912 
12292 3912 
12293 3912 
12295 3912 
12298 3912 
12299 3632 
12303 320 
12310 2863 
12311 3051 
12321 4386 
12323 1480 
12325 3051 
12326 4386 
12329 4390 
12337 2863 
12344 3135 
12345 4396 
12346 4396 
12347 4397 
12364 4402 
12366 30 
12368 30 
12369 4002 
12372 4403 
12373 1 
12376 3218 
12381 3218 
12383 2892 
12384 1718 
12388 4409 
12391 3051 
12395 1718 
12397 3665 
12416 3051 
12417 4421 
12446 1 
12448 2892 
12449 3471 
12450 2804 
12452 4439 
12454 4441 
12455 4442 
12458 4441 
12460 4442 
12472 3471 
12473 1 
12475 1 
12478 3831 
12489 4456 
12490 4456 
12491 4456 
12493 4456 
12494 4456 
12495 4456 
12496 4456 
12497 4456 
12503 4460 
12511 30 
12513 4464 
12518 4465 
12529 4471 
12531 4471 
12533 30 
12541 107 
12542 4066 
12545 3665 
12547 3767 
12548 4002 
12549 30 
12550 4002 
12551 3218 
12560 4481 
12563 4066 
12564 30 
12566 4484 
12567 4485 
12568 30 
12569 30 
12571 824 
12572 30 
12573 5 
12575 5 
12579 712 
12592 712 
12595 3218 
12599 712 
12611 4502 
12622 4509 
12624 4511 
12626 1 
12627 4513 
12636 4521 
12637 4521 
12638 4521 
12639 4521 
12640 4521 
12641 4521 
12642 4521 
12643 4521 
12644 4521 
12649 3858 
12653 20 
12656 1653 
12660 30 
12661 20 
12676 3052 
12677 4537 
12681 4456 
12682 4456 
12683 4456 
12684 4456 
12685 4456 
12686 4456 
12687 4456 
12688 4456 
12690 4456 
12700 320 
12702 4537 
12703 320 
12710 4552 
12714 3831 
12716 3052 
12717 3683 
12718 107 
12719 3922 
12720 30 
12722 4556 
12726 1653 
12735 4560 
12737 4439 
12741 4564 
12744 4560 
12746 4560 
12748 205 
12749 3831 
12752 61 
12760 61 
12763 20 
12769 4481 
12770 30 
12772 4564 
12775 4577 
12776 1276 
12777 20 
12778 4578 
12781 1276 
12784 3290 
12786 3708 
12794 107 
12795 4585 
12801 30 
12803 30 
12807 4590 
12812 1 
12815 30 
12820 4597 
12829 4590 
12833 61 
12837 3831 
12838 3831 
12839 4606 
12840 3831 
12841 30 
12842 1 
12847 4597 
12848 30 
12850 3052 
12855 4614 
12861 4485 
12863 3477 
12865 4619 
12868 4606 
12870 4606 
12871 4622 
12878 205 
12881 30 
12887 30 
12888 4287 
12896 3869 
12901 4638 
12902 4638 
12903 4614 
12904 4441 
12908 3796 
12911 4439 
12917 4642 
12923 3052 
12926 3831 
12932 30 
12933 4170 
12938 1 
12943 4003 
12944 107 
12948 30 
12952 1 
12953 30 
12957 1 
12961 30 
12963 4660 
12973 3980 
12980 1 
12981 3767 
12983 3614 
12994 3796 
12996 3796 
13001 4028 
13006 30 
13007 30 
13009 4674 
13012 30 
13017 30 
13020 30 
13028 4439 
13032 30 
13036 4560 
13037 3259 
13038 4686 
13039 3577 
13043 4287 
13044 4439 
13045 4689 
13046 4564 
13047 4690 
13049 4439 
13050 1 
13053 3683 
13054 1 
13055 3683 
13056 4564 
13058 30 
13059 30 
13065 4439 
13067 3218 
13072 4287 
13076 1 
13078 3831 
13079 3259 
13080 4390 
13083 4143 
13086 320 
13088 5 
13089 320 
13090 1 
13091 107 
13096 1 
13098 1 
13101 1 
13103 107 
13105 1 
13106 5 
13108 30 
13111 4711 
13112 3869 
13123 30 
13124 3831 
13125 1 
13126 30 
13130 30 
13131 4390 
13133 4502 
13134 107 
13135 4485 
13137 30 
13138 30 
13139 5 
13141 5 
13143 1 
13145 1 
13146 3765 
13147 30 
13151 2752 
13156 2752 
13157 320 
13163 30 
13164 4690 
13169 4730 
13171 107 
13175 3858 
13180 2771 
13187 4039 
13188 3765 
13189 1653 
13190 30 
13193 4314 
13194 107 
13195 30 
13197 107 
13199 30 
13200 3290 
13206 180 
13207 30 
13209 180 
13210 30 
13211 30 
13214 4747 
13215 4748 
13216 4485 
13217 4390 
13225 180 
13230 30 
13231 3956 
13232 4754 
13235 4754 
13237 4756 
13238 2607 
13239 30 
13240 30 
13243 4758 
13246 4660 
13247 1 
13253 30 
13256 30 
13257 30 
13259 30 
13261 4763 
13262 30 
13263 4764 
13265 30 
13267 146 
13271 146 
13277 1 
13278 166 
13279 4039 
13283 4711 
13284 3869 
13285 30 
13286 4485 
13287 30 
13293 4711 
13294 4689 
13296 3869 
13297 4163 
13298 824 
13299 4163 
13300 3963 
13302 2856 
13303 2856 
13304 4689 
13306 1 
13307 4781 
13308 3769 
13309 220 
13314 3052 
13318 4785 
13322 20 
13323 20 
13330 4660 
13332 4078 
13334 1 
13336 3858 
13337 4785 
13338 3858 
13342 3259 
13346 1 
13347 20 
13350 4326 
13351 4798 
13353 3259 
13358 3831 
13360 2903 
13361 4803 
13363 4804 
13366 3053 
13367 4807 
13368 4808 
13369 180 
13371 4804 
13373 4804 
13377 4808 
13378 4029 
13379 353 
13381 320 
13382 4813 
13385 320 
13387 3052 
13394 4807 
13399 1 
13400 1 
13401 20 
13403 220 
13404 3614 
13410 205 
13413 2903 
13417 4072 
13418 4072 
13419 353 
13422 3459 
13429 4833 
13434 4837 
13436 4577 
13437 61 
13438 4839 
13441 4833 
13445 3259 
13446 2863 
13448 4842 
13449 4842 
13450 2804 
13452 2804 
13454 3706 
13455 320 
13458 4484 
13459 320 
13460 4577 
13461 4484 
13462 30 
13463 205 
13464 2936 
13465 4484 
13466 4484 
13467 3888 
13468 4484 
13469 4484 
13470 4484 
13471 2936 
13475 824 
13476 2936 
13478 3614 
13479 4847 
13482 4848 
13484 5 
13485 5 
13487 3259 
13489 4851 
13491 115 
13495 20 
13496 20 
13498 4804 
13499 4853 
13501 4854 
13503 4856 
13504 4856 
13509 4859 
13511 388 
13512 4861 
13515 4804 
13516 4863 
13517 4864 
13521 3614 
13522 3614 
13526 3053 
13527 4871 
13533 4804 
13536 4877 
13537 4877 
13538 205 
13539 4638 
13540 4804 
13541 4878 
13542 4879 
13547 4882 
13552 4885 
13553 4886 
13555 4143 
13556 4888 
13557 4889 
13558 4889 
13559 4890 
13560 3614 
13561 3052 
13562 4891 
13563 4892 
13564 4892 
13565 4893 
13566 4885 
13567 4894 
13568 4895 
13569 4804 
13570 4896 
13571 4896 
13572 4896 
13573 4896 
13574 4896 
13575 4896 
13576 4390 
13577 4804 
13578 4897 
13579 4143 
13580 4898 
13581 4899 
13582 295 
13583 2674 
13584 4142 
13585 3598 
13586 4900 
13587 20 
13588 4606 
13589 4901 
13590 5 
13591 4902 
13592 2980 
13593 2980 
13594 4798 
13595 3831 
13596 4560 
13597 4903 
13598 3882 
13599 4904 
13600 3831 
13601 4905 
13602 4390 
13603 220 
13604 4906 
13605 2043 
13606 3831 
13607 2043 
13608 1606 
13609 4907 
13610 3831 
13611 4907 
13612 3614 
13613 4908 
13614 4909 
13615 4908 
13616 115 
13617 4910 
13618 4143 
13619 4143 
13620 4911 
13621 4912 
13622 4913 
13623 4851 
13624 4747 
13625 4914 
13626 4915 
13627 4914 
13628 320 
13629 4804 
13630 320 
13631 4916 
13632 4917 
13633 4918 
13634 4919 
13635 4754 
13636 4920 
13637 4758 
13638 4921 
13639 3638 
13640 3638 
13641 1653 
13642 4922 
13643 3796 
13644 1606 
13645 3614 
13646 4758 
13647 4923 
13648 4758 
13649 3614 
13650 4851 
13651 4758 
13652 4851 
13653 30 
13654 4758 
13655 4924 
13656 4174 
13657 205 
13658 4925 
13659 4901 
13660 4758 
13661 30 
13662 320 
13663 4926 
13664 4927 
13665 4174 
13666 3111 
13667 3111 
13668 3111 
13669 4928 
13670 4439 
13671 3111 
13672 4439 
13673 3980 
13674 4929 
13675 4930 
13676 4931 
13677 3638 
13678 4932 
13679 4933 
13680 4934 
13681 4890 
13682 115 
13683 3993 
13684 3638 
13685 4935 
13686 4936 
13687 4813 
13688 320 
13689 4937 
13690 4938 
13691 4552 
13692 4939 
13693 4421 
13694 3796 
13695 3038 
13696 4940 
13697 353 
13698 353 
13699 1 
13700 441 
13701 3038 
13702 4941 
13703 4941 
13704 3590 
13705 20 
13706 4942 
13707 3046 
13708 4879 
13709 4943 
13710 4944 
13711 388 
13712 4509 
13713 397 
13714 320 
13715 4945 
13716 4946 
13717 4879 
13718 4864 
13719 4946 
13720 4945 
13721 4947 
13722 320 
13723 4948 
13724 4949 
13725 4950 
13726 4324 
13727 4935 
13728 4951 
13729 115 
13730 4940 
13731 3046 
13732 115 
13733 115 
13734 4952 
13735 4953 
13736 4953 
13737 320 
13738 4948 
13739 4954 
13740 4953 
13741 2043 
13742 4955 
13743 4956 
13744 4957 
13745 4951 
13746 4958 
13747 4853 
13748 4956 
13749 4959 
13750 4960 
13751 4961 
13752 353 
13753 320 
13754 1653 
13755 4962 
13756 4963 
13757 4964 
13758 4854 
13759 4837 
13760 3796 
13761 4837 
13762 115 
13763 353 
13764 1276 
13765 4965 
13766 4864 
13767 4966 
13768 115 
13769 4864 
13770 4871 
13771 4950 
13772 4967 
13773 4968 
13774 4969 
13775 320 
13776 320 
13777 4969 
13778 1 
13779 4747 
13780 3603 
13781 4921 
13782 4950 
13783 4970 
13784 3596 
13785 4747 
13786 4971 
13787 4864 
13788 4864 
13789 115 
13790 4972 
13791 115 
13792 4973 
13793 3820 
13794 3820 
13795 3796 
13796 4974 
13797 115 
13798 4975 
13799 115 
13800 4976 
13801 3614 
13802 567 
13803 4977 
13804 4978 
13805 4864 
13806 4978 
13807 4979 
13808 4978 
13809 4864 
13810 3638 
13811 4980 
13812 1378 
13813 320 
13814 4864 
13815 3638 
13816 4981 
13817 4173 
13818 320 
13819 4173 
13820 3993 
13821 4481 
13822 115 
13823 353 
13824 2674 
13825 115 
13826 4982 
13827 353 
13828 4983 
13829 4864 
13830 4864 
13831 4386 
13832 4984 
13833 4864 
13834 4985 
13835 4986 
13836 4864 
13837 3993 
13838 4034 
13839 4386 
13840 3993 
13841 4987 
13842 3796 
13843 3052 
13844 30 
13845 4975 
13846 3583 
13847 4988 
13848 4989 
13849 4990 
13850 4991 
13851 3869 
13852 115 
13853 115 
13854 353 
13855 4992 
13856 4856 
13857 4993 
13858 4976 
13859 115 
13860 4976 
13861 4994 
13862 4910 
13863 115 
13864 2674 
13865 2674 
13866 430 
13867 61 
13868 4995 
13869 4996 
13870 4997 
13871 4998 
13872 4390 
13873 61 
13874 4999 
13875 5000 
13876 5001 
13877 5002 
13878 5003 
13879 3052 
13880 5004 
13881 5005 
13882 3583 
13883 4747 
13884 5006 
13885 5007 
13886 4251 
13887 4996 
13888 4251 
13889 4251 
13890 567 
13891 5008 
13892 5009 
13893 5010 
13894 5010 
13895 397 
13896 4251 
13897 5011 
13898 320 
13899 5012 
13900 5012 
13901 4251 
13902 4390 
13903 4306 
13904 4251 
13905 320 
13906 30 
13907 320 
13908 4251 
13909 320 
13910 320 
13911 2090 
13912 4251 
13913 320 
13914 5013 
13915 5014 
13916 5014 
13917 5015 
13918 5015 
13919 5016 
13920 30 
13921 4251 
13922 4132 
13923 5017 
13924 5018 
13925 5019 
13926 5020 
13927 5021 
13928 5022 
13929 5021 
13930 5019 
13931 3065 
13932 5023 
13933 5024 
13934 295 
13935 3169 
13936 295 
13937 3169 
13938 5025 
13939 3801 
13940 5026 
13941 3038 
13942 5027 
13943 3638 
13944 1 
13945 5013 
13946 3963 
13947 5028 
13948 5029 
13949 4409 
13950 3038 
13951 2043 
13952 2043 
13953 441 
13954 5030 
13955 3135 
13956 5031 
13957 5032 
13958 4959 
13959 5033 
13960 5034 
13961 2043 
13962 3038 
13963 320 
13964 4999 
13965 2043 
13966 320 
13967 3638 
13968 5035 
13969 5036 
13970 5036 
13971 30 
13972 5026 
13973 3081 
13974 5037 
13975 5038 
13976 3168 
13977 4403 
13978 5035 
13979 2771 
13980 3387 
13981 5039 
13982 4967 
13983 3168 
13984 5040 
13985 3796 
13986 320 
13987 4585 
13988 1 
13989 4028 
13990 5041 
13991 5042 
13992 3882 
13993 353 
13994 320 
13995 5030 
13996 5043 
13997 3583 
13998 5044 
13999 3583 
14000 5045 
14001 5045 
14002 539 
14003 166 
14004 5046 
14005 5047 
14006 5048 
14007 5049 
14008 4397 
14009 5050 
14010 4397 
14011 5051 
14012 5052 
14013 5053 
14014 5050 
14015 5034 
14016 5054 
14017 4261 
14018 5055 
14019 5056 
14020 5057 
14021 5058 
14022 5059 
14023 5060 
14024 451 
14025 5059 
14026 5061 
14027 5062 
14028 5063 
14029 5038 
14030 5060 
14031 5063 
14032 5040 
14033 5064 
14034 5065 
14035 5066 
14036 4509 
14037 4509 
14038 2892 
14039 5067 
14040 4028 
14041 4024 
14042 4076 
14043 3051 
14044 5068 
14045 5069 
14046 320 
14047 5070 
14048 5071 
14049 2892 
14050 4949 
14051 5068 
14052 5072 
14053 5073 
14054 3146 
14055 5074 
14056 5074 
14057 5075 
14058 5076 
14059 4856 
14060 5077 
14061 4521 
14062 4521 
14063 5076 
14064 4521 
14065 4521 
14066 4521 
14067 4521 
14068 4521 
14069 4521 
14070 4521 
14071 5077 
14072 4521 
14073 5078 
14074 497 
14075 497 
14076 320 
14077 4856 
14078 4287 
14079 4987 
14080 5079 
14081 5080 
14082 5078 
14083 3051 
14084 3133 
14085 5079 
14086 4940 
14087 320 
14088 320 
14089 320 
14090 4940 
14091 5081 
14092 5082 
14093 5083 
14094 115 
14095 5084 
14096 412 
14097 3051 
14098 5070 
14099 20 
14100 20 
14101 3051 
14102 5058 
14103 451 
14104 5085 
14105 4537 
14106 320 
14107 4170 
14108 5086 
14109 5087 
14110 5082 
14111 5088 
14112 5088 
14113 320 
14114 30 
14115 30 
14116 4537 
14117 320 
14118 5089 
14119 115 
14120 5090 
14121 5091 
14122 5065 
14123 5092 
14124 5065 
14125 5091 
14126 5093 
14127 412 
14128 5094 
14129 5095 
14130 5092 
14131 5096 
14132 5097 
14133 5095 
14134 497 
14135 5098 
14136 5099 
14137 4369 
14138 4203 
14139 5100 
14140 5101 
14141 5102 
14142 320 
14143 320 
14144 5103 
14145 5104 
14146 5105 
14147 4203 
14148 4342 
14149 5106 
14150 5107 
14151 4456 
14152 4456 
14153 4456 
14154 4456 
14155 4456 
14156 4100 
14157 4456 
14158 5089 
14159 4456 
14160 4456 
14161 4456 
14162 4456 
14163 5108 
14164 5109 
14165 5110 
14166 473 
14167 497 
14168 473 
14169 30 
14170 497 
14171 5111 
14172 5112 
14173 5113 
14174 5114 
14175 5115 
14176 5111 
14177 5005 
14178 1 
14179 5116 
14180 4807 
14181 5111 
14182 5105 
14183 353 
14184 30 
14185 5006 
14186 5117 
14187 497 
14188 5118 
14189 5006 
14190 5119 
14191 5110 
14192 4756 
14193 5120 
14194 5121 
14195 5084 
14196 4939 
14197 4059 
14198 3665 
14199 5122 
14200 3665 
14201 205 
14202 5123 
14203 5124 
14204 4940 
14205 5125 
14206 1 
14207 5126 
14208 4856 
14209 5127 
14210 3632 
14211 4402 
14212 5128 
14213 5129 
14214 5130 
14215 5128 
14216 5128 
14217 5131 
14218 4785 
14219 5132 
14220 5132 
14221 5133 
14222 5134 
14223 320 
14224 4856 
14225 4785 
14226 5135 
14227 5135 
14228 5136 
14229 5137 
14230 5138 
14231 5139 
14232 4856 
14233 3801 
14234 4863 
14235 5140 
14236 5140 
14237 30 
14238 30 
14239 5141 
14240 5 
14241 5141 
14242 5 
14243 5140 
14244 5140 
14245 5142 
14246 30 
14247 30 
14248 5142 
14249 4029 
14250 5143 
14251 5144 
14252 5 
14253 5 
14254 5128 
14255 5145 
14256 5146 
14257 5147 
14258 5148 
14259 1 
14260 5139 
14261 5149 
14262 5150 
14263 5151 
14264 5152 
14265 4920 
14266 3665 
14267 5151 
14268 4170 
14269 5153 
14270 5154 
14271 5152 
14272 4785 
14273 5155 
14274 3665 
14275 3769 
14276 5156 
14277 3769 
14278 3801 
14279 5157 
14280 5156 
14281 1718 
14282 5158 
14283 5159 
14284 3858 
14285 1718 
14286 3259 
14287 5160 
14288 4900 
14289 5161 
14290 5162 
14291 5046 
14292 5163 
14293 5131 
14294 4892 
14295 5164 
14296 4748 
14297 5165 
14298 5165 
14299 5166 
14300 4892 
14301 5167 
14302 4513 
14303 5168 
14304 5169 
14305 5169 
14306 5170 
14307 5171 
14308 5172 
14309 5166 
14310 4078 
14311 30 
14312 4460 
14313 5173 
14314 5171 
14315 4585 
14316 5173 
14317 4485 
14318 5173 
14319 5068 
14320 5174 
14321 5175 
14322 5176 
14323 4078 
14324 5177 
14325 5178 
14326 4748 
14327 5179 
14328 1 
14329 5180 
14330 2863 
14331 5181 
14332 5068 
14333 5182 
14334 4585 
14335 4100 
14336 5183 
14337 20 
14338 5184 
14339 5184 
14340 5185 
14341 5186 
14342 5187 
14343 30 
14344 1480 
14345 4465 
14346 5188 
14347 1 
14348 5189 
14349 5190 
14350 5191 
14351 4781 
14352 5131 
14353 5192 
14354 5190 
14355 4442 
14356 5193 
14357 5194 
14358 4781 
14359 5195 
14360 4442 
14361 5193 
14362 5196 
14363 4764 
14364 4960 
14365 5194 
14366 5197 
14367 5189 
14368 1 
14369 5198 
14370 5199 
14371 5200 
14372 5201 
14373 5202 
14374 4878 
14375 4730 
14376 5131 
14377 5203 
14378 5204 
14379 5205 
14380 5205 
14381 5052 
14382 5206 
14383 5207 
14384 5208 
14385 5206 
14386 1 
14387 30 
14388 5204 
14389 1 
14390 5209 
14391 1 
14392 5198 
14393 5209 
14394 30 
14395 30 
14396 5198 
14397 5210 
14398 4465 
14399 4754 
14400 4754 
14401 4785 
14402 5211 
14403 5212 
14404 30 
14405 5213 
14406 4961 
14407 5121 
14408 5213 
14409 5131 
14410 30 
14411 30 
14412 5214 
14413 115 
14414 5215 
14415 5216 
14416 5217 
14417 107 
14418 5210 
14419 5218 
14420 4856 
14421 115 
14422 4856 
14423 5218 
14424 5131 
14425 1 
14426 5219 
14427 1 
14428 5220 
14429 3052 
14430 4163 
14431 4163 
14432 5221 
14433 5222 
14434 4859 
14435 20 
14436 4803 
14437 5223 
14438 5224 
14439 5225 
14440 5224 
14441 5226 
14442 5227 
14443 5228 
14444 5229 
14445 5226 
14446 5230 
14447 5185 
14448 5231 
14449 4511 
14450 5231 
14451 5146 
14452 5232 
14453 4403 
14454 20 
14455 4332 
14456 4332 
14457 5233 
14458 5233 
14459 4886 
14460 5234 
14461 5235 
14462 4886 
14463 30 
14464 5137 
14465 4955 
14466 5236 
14467 5237 
14468 5238 
14469 5239 
14470 712 
14471 5240 
14472 5241 
14473 4029 
14474 5242 
14475 5243 
14476 5232 
14477 5244 
14478 3801 
14479 5245 
14480 4895 
14481 4764 
14482 5246 
14483 5247 
14484 5248 
14485 5246 
14486 5243 
14487 5249 
14488 5250 
14489 5251 
14490 5252 
14491 4585 
14492 5253 
14493 5254 
14494 5068 
14495 5255 
14496 5244 
14497 5256 
14498 5257 
14499 5249 
14500 5068 
14501 5161 
14502 5258 
14503 5259 
14504 5260 
14505 5173 
14506 30 
14507 30 
14508 30 
14509 5261 
14510 30 
14511 5262 
14512 5252 
14513 1 
14514 5263 
14515 5264 
14516 5265 
14517 5253 
14518 5266 
14519 5252 
14520 5267 
14521 5268 
14522 5269 
14523 5253 
14524 5083 
14525 5270 
14526 5252 
14527 5271 
14528 5272 
14529 5273 
14530 5274 
14531 5275 
14532 4585 
14533 20 
14534 4585 
14535 5276 
14536 4578 
14537 5277 
14538 4585 
14539 5278 
14540 5279 
14541 5265 
14542 5252 
14543 5235 
14544 5280 
14545 5281 
14546 4578 
14547 5282 
14548 5283 
14549 5223 
14550 5284 
14551 5285 
14552 5286 
14553 5041 
14554 5252 
14555 4856 
14556 4856 
14557 5287 
14558 5288 
14559 5289 
14560 30 
14561 5280 
14562 5225 
14563 5290 
14564 5291 
14565 4932 
14566 5292 
14567 4511 
14568 5293 
14569 5294 
14570 5294 
14571 5295 
14572 1 
14573 4585 
14574 4911 
14575 5296 
14576 5296 
14577 5297 
14578 5298 
14579 5299 
14580 5300 
14581 5297 
14582 4597 
14583 5301 
14584 30 
14585 5302 
14586 5303 
14587 3706 
14588 5266 
14589 5303 
14590 4916 
14591 4971 
14592 5119 
14593 30 
14594 5304 
14595 4509 
14596 5305 
14597 5306 
14598 4240 
14599 1 
14600 3912 
14601 5307 
14602 4785 
14603 1 
14604 4983 
14605 5258 
14606 30 
14607 5308 
14608 4485 
14609 5173 
14610 30 
14611 5309 
14612 3912 
14613 1378 
14614 5310 
14615 5173 
14616 5302 
14617 1 
14618 4785 
14619 5277 
14620 3912 
14621 3912 
14622 5310 
14623 5311 
14624 5312 
14625 5313 
14626 5312 
14627 4585 
14628 5314 
14629 5315 
14630 5315 
14631 4982 
14632 5316 
14633 5317 
14634 5300 
14635 5298 
14636 5318 
14637 5319 
14638 5320 
14639 5317 
14640 5315 
14641 30 
14642 5321 
14643 5322 
14644 5268 
14645 5319 
14646 1 
14647 5323 
14648 5324 
14649 4936 
14650 5325 
14651 5298 
14652 5324 
14653 5326 
14654 4886 
14655 4886 
14656 5273 
14657 4471 
14658 4003 
14659 5327 
14660 107 
14661 5315 
14662 5328 
14663 5329 
14664 5330 
14665 5331 
14666 5332 
14667 4003 
14668 5333 
14669 5334 
14670 4441 
14671 4441 
14672 5335 
14673 4785 
14674 30 
14675 30 
14676 5330 
14677 5336 
14678 5337 
14679 5313 
14680 5291 
14681 5338 
14682 5339 
14683 5335 
14684 1 
14685 5340 
14686 5340 
14687 5341 
14688 1276 
14689 5342 
14690 205 
14691 5342 
14692 30 
14693 1 
14694 20 
14695 1276 
14696 4955 
14697 5343 
14698 5344 
14699 5345 
14700 5346 
14701 4856 
14702 5328 
14703 5347 
14704 5241 
14705 4856 
14706 5348 
14707 4856 
14708 5119 
14709 5348 
14710 4785 
14711 4585 
14712 514 
14713 5339 
14714 5349 
14715 5345 
14716 5 
14717 5 
14718 441 
14719 5350 
14720 5288 
14721 5337 
14722 5 
14723 5351 
14724 5 
14725 5329 
14726 5277 
14727 4585 
14728 5 
14729 4785 
14730 5 
14731 5352 
14732 5277 
14733 5334 
14734 4441 
14735 4441 
14736 5353 
14737 5354 
14738 5355 
14739 5311 
14740 5356 
14741 3052 
14742 5357 
14743 5357 
14744 3052 
14745 20 
14746 4002 
14747 61 
14748 4847 
14749 5353 
14750 4847 
14751 3052 
14752 5358 
14753 5359 
14754 5173 
14755 5358 
14756 5359 
14757 1 
14758 5360 
14759 5092 
14760 5361 
14761 5362 
14762 5363 
14763 5364 
14764 5365 
14765 5366 
14766 5367 
14767 5368 
14768 5367 
14769 4856 
14770 5263 
14771 4856 
14772 5368 
14773 5369 
14774 5088 
14775 5088 
14776 3051 
14777 5249 
14778 5370 
14779 4686 
14780 5371 
14781 5372 
14782 5 
14783 5373 
14784 5374 
14785 5 
14786 5249 
14787 4396 
14788 5375 
14789 4785 
14790 30 
14791 30 
14792 5376 
14793 4856 
14794 4585 
14795 5 
14796 5 
14797 1 
14798 4856 
14799 5377 
14800 5378 
14801 5375 
14802 5187 
14803 5187 
14804 5379 
14805 5380 
14806 5381 
14807 4464 
14808 30 
14809 4396 
14810 4397 
14811 5382 
14812 1 
14813 5382 
14814 1 
14815 5383 
14816 5384 
14817 5383 
14818 2607 
14819 2607 
14820 4842 
14821 5380 
14822 4585 
14823 4785 
14824 4397 
14825 1 
14826 4842 
14827 5385 
14828 5386 
14829 5387 
14830 5388 
14831 5389 
14832 5390 
14833 5388 
14834 5391 
14835 5392 
14836 5392 
14837 5316 
14838 1 
14839 5393 
14840 3459 
14841 3527 
14842 4882 
14843 3459 
14844 30 
14845 5394 
14846 5395 
14847 5396 
14848 5397 
14849 30 
14850 5398 
14851 5288 
14852 5399 
14853 5400 
14854 5 
14855 5401 
14856 5 
14857 5288 
14858 5402 
14859 1 
14860 4261 
14861 5403 
14862 5404 
14863 4689 
14864 5405 
14865 5406 
14866 5390 
14867 4335 
14868 5407 
14869 3683 
14870 5400 
14871 5403 
14872 5408 
14873 5398 
14874 5405 
14875 30 
14876 5409 
14877 5410 
14878 30 
14879 5411 
14880 30 
14881 5412 
14882 5413 
14883 5414 
14884 5333 
14885 5413 
14886 5415 
14887 5416 
14888 5417 
14889 30 
14890 5418 
14891 4556 
14892 5402 
14893 5419 
14894 5177 
14895 1 
14896 4785 
14897 1 
14898 5414 
14899 4785 
14900 30 
14901 5420 
14902 30 
14903 4785 
14904 4785 
14905 5421 
14906 5422 
14907 5423 
14908 4785 
14909 4785 
14910 5424 
14911 1 
14912 4585 
14913 1 
14914 5425 
14915 5372 
14916 5386 
14917 5426 
14918 30 
14919 4509 
14920 5372 
14921 4509 
14922 4509 
14923 4314 
14924 107 
14925 5427 
14926 5428 
14927 2043 
14928 30 
14929 4066 
14930 5429 
14931 5427 
14932 5430 
14933 5431 
14934 5426 
14935 30 
14936 3577 
14937 4962 
14938 5432 
14939 5430 
14940 5433 
14941 1 
14942 4100 
14943 5434 
14944 5434 
14945 5435 
14946 5436 
14947 5437 
14948 4674 
14949 5438 
14950 4585 
14951 5439 
14952 20 
14953 5440 
14954 4332 
14955 4332 
14956 5441 
14957 30 
14958 5412 
14959 3477 
14960 4785 
14961 5442 
14962 4785 
14963 5442 
14964 5412 
14965 5443 
14966 4537 
14967 5444 
14968 5445 
14969 5446 
14970 5447 
14971 5447 
14972 5448 
14973 5397 
14974 5352 
14975 30 
14976 20 
14977 5449 
14978 5450 
14979 5441 
14980 5397 
14981 30 
14982 4403 
14983 20 
14984 5364 
14985 20 
14986 1 
14987 5131 
14988 20 
14989 5451 
14990 5451 
14991 5397 
14992 5452 
14993 5412 
14994 5131 
14995 5453 
14996 5454 
14997 5455 
14998 5456 
14999 5457 
15000 30 
15001 5458 
15002 5445 
15003 30 
15004 5459 
15005 5460 
15006 5461 
15007 5457 
15008 4674 
15009 30 
15010 5462 
15011 5463 
15012 5464 
15013 4614 
15014 5465 
15015 5 
15016 5466 
15017 5457 
15018 20 
15019 4930 
15020 5467 
15021 4585 
15022 4962 
15023 5342 
15024 5468 
15025 5469 
15026 5470 
15027 5471 
15028 4585 
15029 61 
15030 30 
15031 1 
15032 5079 
15033 1 
15034 30 
15035 107 
15036 5472 
15037 5 
15038 5473 
15039 1 
15040 5457 
15041 5387 
15042 5474 
15043 1378 
15044 5472 
15045 5079 
15046 4930 
15047 5475 
15048 61 
15049 20 
15050 5476 
15051 1 
15052 5457 
15053 5419 
15054 20 
15055 5173 
15056 5477 
15057 5173 
15058 5457 
15059 5412 
15060 5478 
15061 5479 
15062 5480 
15063 1 
15064 5481 
15065 5482 
15066 5483 
15067 1 
15068 5457 
15069 5431 
15070 2043 
15071 30 
15072 5457 
15073 5457 
15074 5484 
15075 30 
15076 4403 
15077 20 
15078 5485 
15079 5486 
15080 30 
15081 30 
15082 4585 
15083 5310 
15084 5310 
15085 5487 
15086 5406 
15087 5457 
15088 4585 
15089 30 
15090 5485 
15091 5488 
15092 30 
15093 5489 
15094 3858 
15095 5490 
15096 5491 
15097 5492 
15098 5491 
15099 5412 
15100 5493 
15101 5494 
15102 2752 
15103 5495 
15104 5287 
15105 107 
15106 107 
15107 4585 
15108 5325 
15109 5496 
15110 107 
15111 5185 
15112 5412 
15113 5495 
15114 5497 
15115 5498 
15116 5342 
15117 107 
15118 4585 
15119 107 
15120 5412 
15121 4509 
15122 20 
15123 5499 
15124 5500 
15125 5501 
15126 4585 
15127 4585 
15128 5404 
15129 4403 
15130 5502 
15131 5457 
15132 5503 
15133 5471 
15134 30 
15135 5504 
15136 4585 
15137 5503 
15138 5505 
15139 5506 
15140 5507 
15141 5508 
15142 5412 
15143 1 
15144 5509 
15145 5504 
15146 5510 
15147 5509 
15148 5492 
15149 5269 
15150 107 
15151 5331 
15152 5510 
15153 5511 
15154 5512 
15155 4442 
15156 5269 
15157 5513 
15158 5514 
15159 5515 
15160 5516 
15161 5412 
15162 5517 
15163 1 
15164 5412 
15165 5517 
15166 5513 
15167 3477 
15168 2752 
15169 107 
15170 3471 
15171 5073 
15172 4464 
15173 5518 
15174 5519 
15175 5520 
15176 1 
15177 4940 
15178 4564 
15179 107 
15180 5406 
15181 5520 
15182 4564 
15183 107 
15184 20 
15185 5521 
15186 5522 
15187 2771 
15188 3858 
15189 30 
15190 5523 
15191 30 
15192 5350 
15193 107 
15194 5524 
15195 5525 
15196 5526 
15197 5527 
15198 3801 
15199 5528 
15200 5529 
15201 30 
15202 5530 
15203 180 
15204 5531 
15205 5531 
15206 5532 
15207 5533 
15208 30 
15209 30 
15210 30 
15211 5394 
15212 5534 
15213 5535 
15214 5536 
15215 5537 
15216 5534 
15217 5538 
15218 30 
15219 5539 
15220 5540 
15221 30 
15222 30 
15223 115 
15224 5533 
15225 5196 
15226 30 
15227 5270 
15228 5526 
15229 3765 
15230 5541 
15231 30 
15232 1653 
15233 30 
15234 30 
15235 3052 
15236 5541 
15237 824 
15238 5542 
15239 320 
15240 5543 
15241 5544 
15242 30 
15243 4711 
15244 3869 
15245 4509 
15246 5545 
15247 30 
15248 3765 
15249 30 
15250 4711 
15251 1653 
15252 3869 
15253 30 
15254 5546 
15255 5547 
15256 320 
15257 30 
15258 5548 
15259 5549 
15260 5550 
15261 5551 
15262 20 
15263 5552 
15264 5553 
15265 5425 
15266 20 
15267 5554 
15268 5555 
15269 353 
15270 4590 
15271 5556 
15272 3858 
15273 5557 
15274 5558 
15275 5511 
15276 5512 
15277 61 
15278 4442 
15279 5546 
15280 5559 
15281 5559 
15282 5560 
15283 5553 
15284 5401 
15285 5539 
15286 5561 
15287 5562 
15288 5560 
15289 3888 
15290 5563 
15291 3858 
15292 5563 
15293 5564 
15294 5564 
15295 61 
15296 5555 
15297 3052 
15298 5565 
15299 5394 
15300 5502 
15301 5566 
15302 146 
15303 5567 
15304 5526 
15305 5568 
15306 5567 
15307 5569 
15308 5568 
15309 180 
15310 3858 
15311 5570 
15312 5571 
15313 5572 
15314 5573 
15315 4485 
15316 5574 
15317 5195 
15318 1378 
15319 5575 
15320 4485 
15321 61 
15322 5566 
15323 5573 
15324 5287 
15325 5571 
15326 4856 
15327 61 
15328 4856 
15329 5576 
15330 4485 
15331 5561 
15332 5577 
15333 4690 
15334 20 
15335 5576 
15336 5578 
15337 5579 
15338 2804 
15339 166 
15340 2804 
15341 5570 
15342 5580 
15343 5577 
15344 5449 
15345 5581 
15346 5582 
15347 5583 
15348 5185 
15349 5196 
15350 5508 
15351 146 
15352 5584 
15353 61 
15354 4039 
15355 61 
15356 5585 
15357 5586 
15358 3922 
15359 5587 
15360 5588 
15361 4509 
15362 5589 
15363 5590 
15364 4485 
15365 5591 
15366 5590 
15367 5592 
15368 4485 
15369 5593 
15370 5594 
15371 4485 
15372 5595 
15373 180 
15374 5596 
15375 5591 
15376 4642 
15377 2856 
15378 5587 
15379 5596 
15380 5597 
15381 5598 
15382 5547 
15383 5599 
15384 3767 
15385 3767 
15386 5128 
15387 3527 
15388 3922 
15389 5600 
15390 115 
15391 5593 
15392 5601 
15393 2936 
15394 1 
15395 4509 
15396 4509 
15397 5590 
15398 1 
15399 5602 
15400 5592 
15401 5602 
15402 5603 
15403 5604 
15404 5605 
15405 5604 
15406 5318 
15407 5606 
15408 4039 
15409 5607 
15410 5607 
15411 5608 
15412 5608 
15413 5609 
15414 5610 
15415 5605 
15416 5611 
15417 3801 
15418 5612 
15419 5613 
15420 5614 
15421 5172 
15422 5615 
15423 5615 
15424 5616 
15425 20 
15426 1 
15427 5617 
15428 5355 
15429 20 
15430 1 
15431 5589 
15432 5618 
15433 5600 
15434 5613 
15435 4326 
15436 5247 
15437 4808 
15438 5619 
15439 4763 
15440 5620 
15441 220 
15442 5620 
15443 5621 
15444 5622 
15445 5623 
15446 5624 
15447 4397 
15448 5625 
15449 5322 
15450 4397 
15451 20 
15452 4397 
15453 5625 
15454 4397 
15455 5499 
15456 5499 
15457 1 
15458 5626 
15459 1 
15460 5627 
15461 5626 
15462 4072 
15463 4072 
15464 4072 
15465 4072 
15466 353 
15467 5073 
15468 5628 
15469 61 
15470 61 
15471 5629 
15472 5630 
15473 1 
15474 5628 
15475 5627 
15476 5073 
15477 5629 
15478 5631 
15479 5499 
15480 5632 
15481 4396 
15482 5633 
15483 5634 
15484 5635 
15485 4509 
15486 5636 
15487 5637 
15488 5073 
15489 5638 
15490 5554 
15491 5088 
15492 5088 
15493 5554 
15494 5639 
15495 5554 
15496 1378 
15497 220 
15498 5640 
15499 5641 
15500 5554 
15501 5554 
15502 3665 
15503 5641 
15504 3665 
15505 5601 
15506 2936 
15507 5566 
15508 5566 
15509 2936 
15510 824 
15511 4484 
15512 5499 
15513 4484 
15514 4484 
15515 1 
15516 5642 
15517 61 
15518 4484 
15519 4484 
15520 1 
15521 61 
15522 5303 
15523 5642 
15524 30 
15525 61 
15526 2936 
15527 5498 
15528 4484 
15529 4484 
15530 2903 
15531 5498 
15532 4484 
15533 4484 
15534 4484 
15535 5643 
15536 5644 
15537 1378 
15538 1 
15539 5261 
15540 5186 
15541 5645 
15542 5186 
15543 5646 
15544 5647 
15545 5648 
15546 5649 
15547 5650 
15548 5651 
15549 2863 
15550 5269 
15551 205 
15552 5269 
15553 4748 
15554 5423 
15555 5652 
15556 61 
15557 3583 
15558 5651 
15559 5653 
15560 61 
15561 5119 
15562 5505 
15563 5654 
15564 5654 
15565 5655 
15566 5144 
15567 5656 
15568 5657 
15569 4975 
15570 4833 
15571 5022 
15572 5658 
15573 1378 
15574 1378 
15575 5659 
15576 115 
15577 5629 
15578 4833 
15579 5658 
15580 5660 
15581 4660 
15582 5661 
15583 1378 
15584 2936 
15585 5662 
15586 5663 
15587 5366 
15588 2936 
15589 5664 
15590 2936 
15591 5665 
15592 2936 
15593 4861 
15594 5666 
15595 3801 
15596 5667 
15597 5668 
15598 107 
15599 5185 
15600 1 
15601 5669 
15602 3708 
15603 5339 
15604 4638 
15605 5670 
15606 5671 
15607 5672 
15608 5673 
15609 205 
15610 3290 
15611 5039 
15612 5041 
15613 5674 
15614 4953 
15615 5675 
15616 824 
15617 824 
15618 5676 
15619 5315 
15620 5677 
15621 5678 
15622 5679 
15623 5680 
15624 5681 
15625 5679 
15626 5682 
15627 5683 
15628 5684 
15629 5679 
15630 5260 
15631 5685 
15632 5686 
15633 1378 
15634 5687 
15635 3052 
15636 5688 
15637 5166 
15638 5689 
15639 5690 
15640 5690 
15641 5691 
15642 5610 
15643 5354 
15644 4619 
15645 5692 
15646 4163 
15647 5693 
15648 5694 
15649 5695 
15650 5695 
15651 5696 
15652 5696 
15653 5697 
15654 5304 
15655 5698 
15656 5679 
15657 5698 
15658 5699 
15659 5679 
15660 5679 
15661 5679 
15662 1 
15663 5700 
15664 5701 
15665 5702 
15666 5679 
15667 5703 
15668 5 
15669 5 
15670 5 
15671 4622 
15672 5704 
15673 3052 
15674 5705 
15675 5706 
15676 5707 
15677 4895 
15678 5679 
15679 5092 
15680 5679 
15681 5708 
15682 5501 
15683 5092 
15684 1378 
15685 5558 
15686 5709 
15687 5679 
15688 20 
15689 5710 
15690 115 
15691 5711 
15692 5613 
15693 5712 
15694 5708 
15695 5713 
15696 30 
15697 5714 
15698 5715 
15699 5716 
15700 5717 
15701 5662 
15702 5718 
15703 5719 
15704 5720 
15705 5721 
15706 5722 
15707 5722 
15708 5723 
15709 5724 
15710 5725 
15711 1378 
15712 1 
15713 2980 
15714 2980 
15715 20 
15716 5726 
15717 205 
15718 4261 
15719 5314 
15720 5727 
15721 5012 
15722 5728 
15723 4674 
15724 5728 
15725 5729 
15726 5730 
15727 1 
15728 5731 
15729 4674 
15730 5732 
15731 295 
15732 5733 
15733 5088 
15734 5088 
15735 1 
15736 5734 
15737 5735 
15738 5734 
15739 5736 
15740 5737 
15741 5738 
15742 115 
15743 5739 
15744 5740 
15745 20 
15746 5741 
15747 5742 
15748 5743 
15749 514 
15750 5677 
15751 5744 
15752 5745 
15753 5746 
15754 5747 
15755 5748 
15756 5749 
15757 5750 
15758 514 
15759 5751 
15760 5752 
15761 1 
15762 1 
15763 3053 
15764 5753 
15765 3796 
15766 5635 
15767 5750 
15768 5124 
15769 3052 
15770 5635 
15771 5754 
15772 5755 
15773 5751 
15774 3053 
15775 5756 
15776 4502 
15777 5757 
15778 5758 
15779 5757 
15780 5759 
15781 3111 
15782 5760 
15783 3111 
15784 5761 
15785 5498 
15786 5762 
15787 5498 
15788 1653 
15789 5763 
15790 5695 
15791 5695 
15792 5473 
15793 5764 
15794 2607 
15795 2607 
15796 5708 
15797 5765 
15798 5766 
15799 5767 
15800 5768 
15801 320 
15802 61 
15803 5769 
15804 61 
15805 5314 
15806 5740 
15807 61 
15808 320 
15809 2043 
15810 3387 
15811 5058 
15812 5770 
15813 5771 
15814 5772 
15815 5773 
15816 3218 
15817 4996 
15818 1378 
15819 1 
15820 1378 
15821 5774 
15822 5 
15823 5774 
15824 5758 
15825 1 
15826 5775 
15827 5776 
15828 20 
15829 5777 
15830 4029 
15831 5501 
15832 1 
15833 5501 
15834 5670 
15835 5778 
15836 5777 
15837 5779 
15838 4996 
15839 5780 
15840 5781 
15841 4813 
15842 4995 
15843 5782 
15844 4813 
15845 5783 
15846 5784 
15847 5785 
15848 4939 
15849 5786 
15850 5787 
15851 5788 
15852 5789 
15853 5790 
15854 115 
15855 5771 
15856 5764 
15857 5684 
15858 5785 
15859 2090 
15860 5778 
15861 5791 
15862 5058 
15863 3046 
15864 824 
15865 5792 
15866 5793 
15867 5794 
15868 5795 
15869 5795 
15870 5795 
15871 5796 
15872 5797 
15873 5315 
15874 5612 
15875 5795 
15876 430 
15877 3046 
15878 5798 
15879 5799 
15880 1378 
15881 5800 
15882 2043 
15883 5801 
15884 5802 
15885 2043 
15886 1378 
15887 5396 
15888 5803 
15889 5747 
15890 5804 
15891 5805 
15892 5058 
15893 5058 
15894 320 
15895 61 
15896 5086 
15897 5 
15898 5086 
15899 3956 
15900 5804 
15901 412 
15902 5806 
15903 3956 
15904 5807 
15905 5808 
15906 3858 
15907 5809 
15908 4848 
15909 4877 
15910 4848 
15911 5810 
15912 3858 
15913 3858 
15914 3858 
15915 20 
15916 5811 
15917 353 
15918 4173 
15919 5501 
15920 20 
15921 4173 
15922 5812 
15923 3111 
15924 3111 
15925 5813 
15926 3590 
15927 1718 
15928 5814 
15929 5815 
15930 5816 
15931 20 
15932 5710 
15933 2674 
15934 3858 
15935 2674 
15936 5817 
15937 5818 
15938 5816 
15939 5819 
15940 3111 
15941 115 
15942 2936 
15943 1 
15944 20 
15945 115 
15946 5819 
15947 115 
15948 115 
15949 3111 
15950 5820 
15951 5821 
15952 2674 
15953 5822 
15954 3796 
15955 5823 
15956 2674 
15957 4898 
15958 5824 
15959 20 
15960 1 
15961 5825 
15962 5826 
15963 5634 
15964 5827 
15965 5827 
15966 5828 
15967 320 
15968 320 
15969 3638 
15970 5752 
15971 5829 
15972 5374 
15973 3796 
15974 5374 
15975 3638 
15976 3052 
15977 3598 
15978 5830 
15979 5737 
15980 3858 
15981 5831 
15982 5832 
15983 1 
15984 5833 
15985 5834 
15986 5469 
15987 5835 
15988 5836 
15989 5831 
15990 5837 
15991 320 
15992 30 
15993 3052 
15994 5838 
15995 5646 
15996 5839 
15997 5840 
15998 5841 
15999 5842 
16000 5843 
16001 3858 
16002 5634 
16003 4877 
16004 5840 
16005 5725 
16006 5844 
16007 320 
16008 5845 
16009 5846 
16010 5847 
16011 5847 
16012 5848 
16013 353 
16014 3065 
16015 5849 
16016 5849 
16017 20 
16018 320 
16019 5850 
16020 1378 
16021 5851 
16022 5779 
16023 451 
16024 20 
16025 5852 
16026 5851 
16027 4577 
16028 397 
16029 5853 
16030 5525 
16031 5854 
16032 5849 
16033 5855 
16034 5856 
16035 5847 
16036 5849 
16037 3603 
16038 5853 
16039 5857 
16040 5858 
16041 3796 
16042 5272 
16043 5859 
16044 1378 
16045 5860 
16046 4839 
16047 1378 
16048 5861 
16049 5862 
16050 5863 
16051 5864 
16052 5646 
16053 5865 
16054 1 
16055 5866 
16056 5646 
16057 5867 
16058 5868 
16059 3796 
16060 5822 
16061 397 
16062 5717 
16063 20 
16064 5869 
16065 5870 
16066 5634 
16067 3858 
16068 320 
16069 320 
16070 61 
16071 5871 
16072 5872 
16073 320 
16074 61 
16075 61 
16076 5873 
16077 320 
16078 5874 
16079 3583 
16080 5796 
16081 320 
16082 5875 
16083 5876 
16084 5877 
16085 5870 
16086 5878 
16087 5879 
16088 61 
16089 5222 
16090 4972 
16091 320 
16092 4972 
16093 4888 
16094 5880 
16095 5881 
16096 5874 
16097 5862 
16098 5017 
16099 5882 
16100 5875 
16101 5883 
16102 20 
16103 3796 
16104 5884 
16105 4163 
16106 20 
16107 5838 
16108 5885 
16109 5886 
16110 5887 
16111 5839 
16112 5838 
16113 320 
16114 5765 
16115 3038 
16116 320 
16117 5888 
16118 5839 
16119 5889 
16120 5890 
16121 30 
16122 3038 
16123 5889 
16124 5891 
16125 5892 
16126 4251 
16127 107 
16128 5888 
16129 61 
16130 5893 
16131 3796 
16132 5894 
16133 5895 
16134 5896 
16135 353 
16136 5897 
16137 4251 
16138 5898 
16139 5899 
16140 5900 
16141 5901 
16142 4251 
16143 5902 
16144 3051 
16145 5903 
16146 5838 
16147 5885 
16148 5904 
16149 320 
16150 353 
16151 320 
16152 3051 
16153 3796 
16154 5423 
16155 5838 
16156 5882 
16157 5905 
16158 4638 
16159 5906 
16160 5907 
16161 5908 
16162 320 
16163 5909 
16164 5910 
16165 353 
16166 4251 
16167 5838 
16168 5838 
16169 5910 
16170 5911 
16171 1 
16172 5839 
16173 5839 
16174 4638 
16175 1 
16176 5890 
16177 5912 
16178 5838 
16179 320 
16180 5838 
16181 5767 
16182 5913 
16183 5450 
16184 5847 
16185 5222 
16186 5914 
16187 5915 
16188 5916 
16189 5917 
16190 2936 
16191 5918 
16192 5918 
16193 5896 
16194 5451 
16195 5451 
16196 5919 
16197 5920 
16198 5921 
16199 5922 
16200 5416 
16201 5923 
16202 497 
16203 5924 
16204 1378 
16205 5824 
16206 5925 
16207 5847 
16208 320 
16209 20 
16210 5925 
16211 5926 
16212 3111 
16213 5847 
16214 61 
16215 5927 
16216 5926 
16217 5928 
16218 5922 
16219 3081 
16220 1 
16221 5929 
16222 5930 
16223 5931 
16224 5611 
16225 5932 
16226 5928 
16227 5597 
16228 61 
16229 320 
16230 5929 
16231 5815 
16232 539 
16233 5609 
16234 5933 
16235 1 
16236 5934 
16237 2090 
16238 824 
16239 539 
16240 5935 
16241 5281 
16242 5935 
16243 5281 
16244 5924 
16245 3831 
16246 5914 
16247 20 
16248 5501 
16249 320 
16250 20 
16251 5745 
16252 1 
16253 20 
16254 30 
16255 1 
16256 320 
16257 5936 
16258 320 
16259 320 
16260 61 
16261 5234 
16262 5721 
16263 5937 
16264 5938 
16265 5939 
16266 5940 
16267 61 
16268 61 
16269 320 
16270 20 
16271 4170 
16272 5941 
16273 5818 
16274 5942 
16275 5943 
16276 5944 
16277 5939 
16278 5945 
16279 1 
16280 5945 
16281 4970 
16282 5946 
16283 5947 
16284 5948 
16285 5949 
16286 5950 
16287 5779 
16288 5951 
16289 5952 
16290 5953 
16291 5951 
16292 5952 
16293 5954 
16294 61 
16295 5955 
16296 5830 
16297 320 
16298 30 
16299 5956 
16300 5957 
16301 3038 
16302 61 
16303 5958 
16304 5959 
16305 5960 
16306 5961 
16307 5604 
16308 5960 
16309 3796 
16310 5962 
16311 5646 
16312 61 
16313 5 
16314 61 
16315 5963 
16316 5964 
16317 388 
16318 5942 
16319 5965 
16320 5966 
16321 3038 
16322 5942 
16323 61 
16324 5967 
16325 5965 
16326 61 
16327 5968 
16328 61 
16329 5963 
16330 3169 
16331 3169 
16332 20 
16333 320 
16334 320 
16335 320 
16336 5969 
16337 320 
16338 5970 
16339 5971 
16340 3038 
16341 5972 
16342 5973 
16343 5971 
16344 2936 
16345 320 
16346 320 
16347 320 
16348 5974 
16349 5569 
16350 5975 
16351 61 
16352 5976 
16353 5869 
16354 5977 
16355 2752 
16356 5451 
16357 5451 
16358 1 
16359 5765 
16360 5894 
16361 20 
16362 20 
16363 3168 
16364 1 
16365 5978 
16366 388 
16367 4903 
16368 320 
16369 5979 
16370 5980 
16371 5981 
16372 2090 
16373 2090 
16374 5982 
16375 3168 
16376 4968 
16377 5983 
16378 5984 
16379 5985 
16380 1 
16381 5983 
16382 320 
16383 5984 
16384 5986 
16385 5987 
16386 5988 
16387 320 
16388 320 
16389 5989 
16390 5068 
16391 5990 
16392 5320 
16393 61 
16394 5991 
16395 5992 
16396 5993 
16397 5994 
16398 5995 
16399 2090 
16400 5996 
16401 5 
16402 5894 
16403 5997 
16404 5995 
16405 4900 
16406 5998 
16407 5999 
16408 5991 
16409 5995 
16410 5886 
16411 5995 
16412 5993 
16413 6000 
16414 295 
16415 5883 
16416 6001 
16417 6002 
16418 6003 
16419 295 
16420 5976 
16421 6004 
16422 5687 
16423 3259 
16424 6005 
16425 6005 
16426 61 
16427 20 
16428 473 
16429 4421 
16430 6004 
16431 473 
16432 5201 
16433 5394 
16434 5905 
16435 6006 
16436 6007 
